variables = x, rho, u, p, mo, e, et, T, c, M, h
0 1 -0 1 -0 2.5 2.5 1 1.18322 -0 3.5
0.00990099 1 0 1 0 2.5 2.5 1 1.18322 0 3.5
0.019802 1 0 1 0 2.5 2.5 1 1.18322 0 3.5
0.029703 1 0 1 0 2.5 2.5 1 1.18322 0 3.5
0.039604 1 4.43357e-17 1 4.43357e-17 2.5 2.5 1 1.18322 3.74705e-17 3.5
0.049505 1 5.6816e-16 1 5.6816e-16 2.5 2.5 1 1.18322 4.80183e-16 3.5
0.0594059 1 8.36139e-15 1 8.36139e-15 2.5 2.5 1 1.18322 7.06667e-15 3.5
0.0693069 1 1.05927e-13 1 1.05927e-13 2.5 2.5 1 1.18322 8.95247e-14 3.5
0.0792079 1 1.16499e-12 1 1.16499e-12 2.5 2.5 1 1.18322 9.846e-13 3.5
0.0891089 1 1.12031e-11 1 1.12031e-11 2.5 2.5 1 1.18322 9.46836e-12 3.5
0.0990099 1 9.49704e-11 1 9.49704e-11 2.5 2.5 1 1.18322 8.02646e-11 3.5
0.108911 1 7.14825e-10 1 7.14825e-10 2.5 2.5 1 1.18322 6.04138e-10 3.5
0.118812 1 4.80457e-09 1 4.80457e-09 2.5 2.5 1 1.18322 4.0606e-09 3.5
0.128713 1 2.89686e-08 1 2.89686e-08 2.5 2.5 1 1.18322 2.4483e-08 3.5
0.138614 1 1.57243e-07 1 1.57243e-07 2.5 2.5 1 1.18322 1.32895e-07 3.5
0.148515 0.999999 7.70494e-07 0.999999 7.70493e-07 2.5 2.5 1 1.18322 6.51186e-07 3.5
0.158416 0.999997 3.41484e-06 0.999996 3.41483e-06 2.49999 2.49999 0.999999 1.18322 2.88607e-06 3.49999
0.168317 0.999988 1.37061e-05 0.999984 1.3706e-05 2.49996 2.49996 0.999995 1.18321 1.15838e-05 3.49995
0.178218 0.999958 4.98472e-05 0.999941 4.98451e-05 2.49985 2.49985 0.999983 1.18321 4.21289e-05 3.49984
0.188119 0.999861 0.000164249 0.999806 0.000164226 2.49951 2.49951 0.999944 1.18318 0.00013882 3.49946
0.19802 0.999586 0.000490009 0.99942 0.000489806 2.49855 2.49855 0.999834 1.18312 0.000414167 3.49839
0.207921 0.998883 0.00132219 0.998437 0.00132072 2.49609 2.49609 0.999553 1.18295 0.00111771 3.49565
0.217822 0.997278 0.0032238 0.996192 0.00321503 2.49048 2.49048 0.998911 1.18257 0.0027261 3.4894
0.227723 0.994011 0.00710183 0.991627 0.00705929 2.47909 2.47909 0.997602 1.1818 0.00600935 3.4767
0.237624 0.988087 0.0141574 0.983368 0.0139888 2.45852 2.45852 0.995224 1.18039 0.0119939 3.45374
0.247525 0.978504 0.0256429 0.970051 0.0250916 2.42545 2.42545 0.991361 1.17809 0.0217664 3.41681
0.257426 0.964583 0.0424874 0.950799 0.0409826 2.37787 2.37787 0.985709 1.17473 0.0361677 3.36358
0.267327 0.946235 0.0649904 0.925592 0.0614962 2.31598 2.31598 0.978184 1.17024 0.055536 3.29416
0.277228 0.923979 0.0927631 0.895275 0.0857112 2.24216 2.24216 0.968934 1.16469 0.079646 3.2111
0.287129 0.898735 0.124928 0.861232 0.112277 2.16009 2.16009 0.958272 1.15827 0.107858 3.11836
0.29703 0.87152 0.160431 0.824951 0.139818 2.07359 2.07359 0.946566 1.15117 0.139363 3.02016
0.306931 0.843229 0.198296 0.787708 0.167209 1.98585 1.98585 0.934156 1.1436 0.173396 2.92
0.316832 0.814534 0.23776 0.750435 0.193664 1.89911 1.89911 0.921306 1.13571 0.20935 2.82042
0.326733 0.785887 0.278288 0.713742 0.218703 1.81479 1.81479 0.908199 1.1276 0.246797 2.72299
0.336634 0.757569 0.319532 0.67799 0.242068 1.73365 1.73365 0.894956 1.11935 0.285463 2.62861
0.346535 0.729747 0.361275 0.643381 0.263639 1.65608 1.65608 0.881649 1.11099 0.325181 2.53772
0.356436 0.702518 0.403382 0.610015 0.283383 1.58219 1.58219 0.868327 1.10257 0.365856 2.45052
0.366337 0.675939 0.445768 0.577937 0.301312 1.512 1.512 0.855014 1.09408 0.407435 2.36702
0.376238 0.650026 0.488378 0.547158 0.317458 1.44542 1.44542 0.841748 1.08556 0.449884 2.28716
0.386139 0.624851 0.531172 0.517673 0.331904 1.38233 1.38233 0.828474 1.07697 0.49321 2.21081
0.39604 0.600263 0.574121 0.489457 0.344623 1.32257 1.32257 0.815405 1.06844 0.537344 2.13798
0.405941 0.576591 0.617195 0.4625 0.355869 1.26607 1.26607 0.802128 1.05971 0.58242 2.0682
0.415842 0.553401 0.660395 0.436746 0.365463 1.21254 1.21254 0.789204 1.05114 0.628268 2.00174
0.425743 0.530991 0.70365 0.412205 0.373632 1.16197 1.16197 0.776295 1.0425 0.674962 1.93826
0.435644 0.509293 0.74701 0.388795 0.380447 1.11409 1.11409 0.763402 1.03381 0.722579 1.87749
0.445545 0.488557 0.790332 0.366567 0.386122 1.069 1.069 0.750305 1.0249 0.771128 1.8193
0.455446 0.467915 0.833705 0.345382 0.390103 1.02607 1.02607 0.73813 1.01655 0.820129 1.7642
0.465347 0.448865 0.876576 0.325557 0.393465 0.986343 0.986343 0.725289 1.00767 0.869902 1.71163
0.475248 0.429521 0.918407 0.306856 0.394475 0.948284 0.948284 0.714415 1.00009 0.918324 1.6627
0.485149 0.418428 0.951364 0.293947 0.398077 0.924225 0.924225 0.702503 0.991718 0.959309 1.62673
0.49505 0.345881 1.13958 0.224309 0.39416 0.785362 0.785362 0.648515 0.952849 1.19598 1.43388
0.50495 0.418256 0.946202 0.295236 0.395755 0.925323 0.925323 0.705874 0.994095 0.951823 1.6312
0.514851 0.42964 0.922127 0.305451 0.396182 0.946294 0.946294 0.710948 0.997661 0.924289 1.65724
0.524752 0.426232 0.929224 0.302427 0.396065 0.940083 0.940083 0.709536 0.996669 0.932329 1.64962
0.534653 0.424489 0.927086 0.303341 0.393538 0.940774 0.940774 0.714603 1.00022 0.92688 1.65538
0.544554 0.423806 0.927479 0.303177 0.393072 0.940225 0.940225 0.715366 1.00076 0.926778 1.65559
0.554455 0.428928 0.927069 0.303348 0.397646 0.942693 0.942693 0.707225 0.995045 0.931685 1.64992
0.564356 0.433795 0.927253 0.303263 0.402238 0.944645 0.944645 0.699092 0.989307 0.937275 1.64374
0.574257 0.429905 0.927097 0.303321 0.398563 0.943057 0.943057 0.705555 0.99387 0.932816 1.64861
0.584158 0.417799 0.927216 0.303264 0.38739 0.937758 0.937758 0.725862 1.00807 0.919793 1.66362
0.594059 0.41048 0.927155 0.303291 0.380579 0.934654 0.934654 0.738868 1.01706 0.911601 1.67352
0.60396 0.41932 0.927281 0.30325 0.388827 0.938402 0.938402 0.723195 1.00622 0.921551 1.6616
0.613861 0.441435 0.927273 0.303279 0.409331 0.947977 0.947977 0.687029 0.980735 0.945488 1.63501
0.623762 0.460616 0.92742 0.303254 0.427185 0.956225 0.956225 0.658366 0.960058 0.966004 1.61459
0.633663 0.46107 0.927446 0.303292 0.427617 0.956527 0.956527 0.657802 0.959647 0.966444 1.61433
0.643564 0.438153 0.927593 0.303273 0.406428 0.946681 0.946681 0.692161 0.984391 0.942301 1.63884
0.653465 0.39948 0.927589 0.303303 0.370553 0.930117 0.930117 0.759243 1.03099 0.899707 1.68936
0.663366 0.357346 0.927678 0.303261 0.331502 0.911916 0.911916 0.848649 1.09 0.851078 1.76056
0.673267 0.321643 0.927574 0.303263 0.298348 0.896529 0.896529 0.942858 1.14891 0.80735 1.83939
0.683168 0.296385 0.927579 0.303192 0.27492 0.885485 0.885485 1.02297 1.19673 0.775097 1.90845
0.693069 0.281057 0.927378 0.303175 0.260646 0.878795 0.878795 1.07869 1.22889 0.754646 1.95749
0.70297 0.272811 0.927351 0.303092 0.252992 0.875036 0.875036 1.111 1.24715 0.743574 1.98603
0.712871 0.268882 0.927166 0.303091 0.249298 0.873298 0.873298 1.12723 1.25623 0.738054 2.00053
0.722772 0.26712 0.927329 0.30307 0.247708 0.872528 0.872528 1.13458 1.26032 0.735786 2.00711
0.732673 0.266457 0.92754 0.303206 0.24715 0.872637 0.872637 1.13792 1.26217 0.734875 2.01055
0.742574 0.266156 0.927978 0.303278 0.246987 0.872795 0.872795 1.13948 1.26304 0.734719 2.01227
0.752475 0.26593 0.927572 0.303203 0.246669 0.872408 0.872408 1.14016 1.26342 0.734176 2.01257
0.762376 0.26574 0.927427 0.30308 0.246454 0.871983 0.871983 1.14051 1.26361 0.733949 2.0125
0.772277 0.26631 0.930326 0.304101 0.247755 0.875499 0.875499 1.14191 1.26439 0.735793 2.01741
0.782178 0.266912 0.933511 0.305146 0.249166 0.879164 0.879164 1.14324 1.26512 0.73788 2.02241
0.792079 0.264047 0.92012 0.300655 0.242954 0.863411 0.863411 1.13864 1.26258 0.728763 2.00205
0.80198 0.26015 0.901283 0.294469 0.234469 0.841833 0.841833 1.13192 1.25884 0.715962 1.97375
0.811881 0.274507 0.970588 0.317839 0.266433 0.923895 0.923895 1.15785 1.27318 0.762332 2.08175
0.821782 0.298555 1.07546 0.357055 0.321083 1.06529 1.06529 1.19595 1.29396 0.83114 2.26124
0.831683 0.220512 0.712897 0.23741 0.157202 0.64956 0.64956 1.07663 1.22772 0.580669 1.72619
0.841584 0.140214 0.136497 0.119288 0.0191388 0.299526 0.299526 0.850757 1.09136 0.125071 1.15028
0.851485 0.125637 0.00540732 0.100718 0.000679358 0.251796 0.251796 0.801657 1.0594 0.00510415 1.05345
0.861386 0.125018 0.000148686 0.10002 1.85884e-05 0.250049 0.250049 0.800045 1.05833 0.000140491 1.05009
0.871287 0.125 4.02254e-06 0.100001 5.0282e-07 0.250001 0.250001 0.800001 1.0583 3.80094e-06 1.05
0.881188 0.125 1.09209e-07 0.1 1.36512e-08 0.25 0.25 0.8 1.0583 1.03193e-07 1.05
0.891089 0.125 2.98933e-09 0.1 3.73666e-10 0.25 0.25 0.8 1.0583 2.82465e-09 1.05
0.90099 0.125 8.25484e-11 0.1 1.03185e-11 0.25 0.25 0.8 1.0583 7.80009e-11 1.05
0.910891 0.125 2.29446e-12 0.1 2.86807e-13 0.25 0.25 0.8 1.0583 2.16806e-12 1.05
0.920792 0.125 6.35565e-14 0.1 7.94456e-15 0.25 0.25 0.8 1.0583 6.00552e-14 1.05
0.930693 0.125 1.67245e-15 0.1 2.09056e-16 0.25 0.25 0.8 1.0583 1.58032e-15 1.05
0.940594 0.125 2.21679e-17 0.1 2.77098e-18 0.25 0.25 0.8 1.0583 2.09467e-17 1.05
0.950495 0.125 0 0.1 0 0.25 0.25 0.8 1.0583 0 1.05
0.960396 0.125 0 0.1 0 0.25 0.25 0.8 1.0583 0 1.05
0.970297 0.125 0 0.1 0 0.25 0.25 0.8 1.0583 0 1.05
0.980198 0.125 0 0.1 0 0.25 0.25 0.8 1.0583 0 1.05
0.990099 0.125 -0 0.1 -0 0.25 0.25 0.8 1.0583 -0 1.05
