variables = x, rho_A, u_A, p_A, e_A, et_A, T_A, c_A, M_A, h_A, rho_LaxD, u_LaxD, p_LaxD, mo_LaxD, e_LaxD, et_LaxD, T_LaxD, c_LaxD, M_LaxD, h_LaxD, rho_LaxH, u_LaxH, p_LaxH, mo_LaxH, e_LaxH, et_LaxH, T_LaxH, c_LaxH, M_LaxH, h_LaxH, rho_RoeD, u_RoeD, p_RoeD, mo_RoeD, e_RoeD, et_RoeD, T_RoeD, c_RoeD, M_RoeD, h_RoeD, rho_RoeH, u_RoeH, p_RoeH, mo_RoeH, e_RoeH, et_RoeH, T_RoeH, c_RoeH, M_RoeH, h_RoeH
0,1,0,1,2.5,2.5,1,1.183215957,0,3.5,1,0,1,0,2.5,2.5,1,1.18322,0,3.5,1,0,1,0,2.5,2.5,1,1.18322,0,3.5,1,0,1,0,2.5,2.5,1,1.18322,0,3.5,1,0,1,0,2.5,2.5,1,1.18322,0,3.5
0.003921569,1,0,1,2.5,2.5,1,1.183215957,0,3.5,1,0,1,0,2.5,2.5,1,1.18322,0,3.5,1,0,1,0,2.5,2.5,1,1.18322,0,3.5,1,0,1,0,2.5,2.5,1,1.18322,0,3.5,1,0,1,0,2.5,2.5,1,1.18322,0,3.5
0.007843137,1,0,1,2.5,2.5,1,1.183215957,0,3.5,1,0,1,0,2.5,2.5,1,1.18322,0,3.5,1,0,1,0,2.5,2.5,1,1.18322,0,3.5,1,0,1,0,2.5,2.5,1,1.18322,0,3.5,1,0,1,0,2.5,2.5,1,1.18322,0,3.5
0.011764706,1,0,1,2.5,2.5,1,1.183215957,0,3.5,1,0,1,0,2.5,2.5,1,1.18322,0,3.5,1,0,1,0,2.5,2.5,1,1.18322,0,3.5,1,0,1,0,2.5,2.5,1,1.18322,0,3.5,1,0,1,0,2.5,2.5,1,1.18322,0,3.5
0.015686275,1,0,1,2.5,2.5,1,1.183215957,0,3.5,1,0,1,0,2.5,2.5,1,1.18322,0,3.5,1,0,1,0,2.5,2.5,1,1.18322,0,3.5,1,0,1,0,2.5,2.5,1,1.18322,0,3.5,1,0,1,0,2.5,2.5,1,1.18322,0,3.5
0.019607843,1,0,1,2.5,2.5,1,1.183215957,0,3.5,1,0,1,0,2.5,2.5,1,1.18322,0,3.5,1,0,1,0,2.5,2.5,1,1.18322,0,3.5,1,0,1,0,2.5,2.5,1,1.18322,0,3.5,1,0,1,0,2.5,2.5,1,1.18322,0,3.5
0.023529412,1,0,1,2.5,2.5,1,1.183215957,0,3.5,1,0,1,0,2.5,2.5,1,1.18322,0,3.5,1,0,1,0,2.5,2.5,1,1.18322,0,3.5,1,0,1,0,2.5,2.5,1,1.18322,0,3.5,1,0,1,0,2.5,2.5,1,1.18322,0,3.5
0.02745098,1,0,1,2.5,2.5,1,1.183215957,0,3.5,1,0,1,0,2.5,2.5,1,1.18322,0,3.5,1,0,1,0,2.5,2.5,1,1.18322,0,3.5,1,0,1,0,2.5,2.5,1,1.18322,0,3.5,1,0,1,0,2.5,2.5,1,1.18322,0,3.5
0.031372549,1,0,1,2.5,2.5,1,1.183215957,0,3.5,1,0,1,0,2.5,2.5,1,1.18322,0,3.5,1,0,1,0,2.5,2.5,1,1.18322,0,3.5,1,0,1,0,2.5,2.5,1,1.18322,0,3.5,1,0,1,0,2.5,2.5,1,1.18322,0,3.5
0.035294118,1,0,1,2.5,2.5,1,1.183215957,0,3.5,1,0,1,0,2.5,2.5,1,1.18322,0,3.5,1,0,1,0,2.5,2.5,1,1.18322,0,3.5,1,0,1,0,2.5,2.5,1,1.18322,0,3.5,1,0,1,0,2.5,2.5,1,1.18322,0,3.5
0.039215686,1,0,1,2.5,2.5,1,1.183215957,0,3.5,1,0,1,0,2.5,2.5,1,1.18322,0,3.5,1,0,1,0,2.5,2.5,1,1.18322,0,3.5,1,0,1,0,2.5,2.5,1,1.18322,0,3.5,1,0,1,0,2.5,2.5,1,1.18322,0,3.5
0.043137255,1,0,1,2.5,2.5,1,1.183215957,0,3.5,1,0,1,0,2.5,2.5,1,1.18322,0,3.5,1,0,1,0,2.5,2.5,1,1.18322,0,3.5,1,0,1,0,2.5,2.5,1,1.18322,0,3.5,1,0,1,0,2.5,2.5,1,1.18322,0,3.5
0.047058824,1,0,1,2.5,2.5,1,1.183215957,0,3.5,1,0,1,0,2.5,2.5,1,1.18322,0,3.5,1,0,1,0,2.5,2.5,1,1.18322,0,3.5,1,0,1,0,2.5,2.5,1,1.18322,0,3.5,1,0,1,0,2.5,2.5,1,1.18322,0,3.5
0.050980392,1,0,1,2.5,2.5,1,1.183215957,0,3.5,1,0,1,0,2.5,2.5,1,1.18322,0,3.5,1,0,1,0,2.5,2.5,1,1.18322,0,3.5,1,0,1,0,2.5,2.5,1,1.18322,0,3.5,1,0,1,0,2.5,2.5,1,1.18322,0,3.5
0.054901961,1,0,1,2.5,2.5,1,1.183215957,0,3.5,1,0,1,0,2.5,2.5,1,1.18322,0,3.5,1,0,1,0,2.5,2.5,1,1.18322,0,3.5,1,0,1,0,2.5,2.5,1,1.18322,0,3.5,1,0,1,0,2.5,2.5,1,1.18322,0,3.5
0.058823529,1,0,1,2.5,2.5,1,1.183215957,0,3.5,1,0,1,0,2.5,2.5,1,1.18322,0,3.5,1,0,1,0,2.5,2.5,1,1.18322,0,3.5,1,0,1,0,2.5,2.5,1,1.18322,0,3.5,1,0,1,0,2.5,2.5,1,1.18322,0,3.5
0.062745098,1,0,1,2.5,2.5,1,1.183215957,0,3.5,1,0,1,0,2.5,2.5,1,1.18322,0,3.5,1,0,1,0,2.5,2.5,1,1.18322,0,3.5,1,0,1,0,2.5,2.5,1,1.18322,0,3.5,1,0,1,0,2.5,2.5,1,1.18322,0,3.5
0.066666667,1,0,1,2.5,2.5,1,1.183215957,0,3.5,1,0,1,0,2.5,2.5,1,1.18322,0,3.5,1,0,1,0,2.5,2.5,1,1.18322,0,3.5,1,0,1,0,2.5,2.5,1,1.18322,0,3.5,1,0,1,0,2.5,2.5,1,1.18322,0,3.5
0.070588235,1,0,1,2.5,2.5,1,1.183215957,0,3.5,1,0,1,0,2.5,2.5,1,1.18322,0,3.5,1,0,1,0,2.5,2.5,1,1.18322,0,3.5,1,0,1,0,2.5,2.5,1,1.18322,0,3.5,1,0,1,0,2.5,2.5,1,1.18322,0,3.5
0.074509804,1,0,1,2.5,2.5,1,1.183215957,0,3.5,1,0,1,0,2.5,2.5,1,1.18322,0,3.5,1,0,1,0,2.5,2.5,1,1.18322,0,3.5,1,0,1,0,2.5,2.5,1,1.18322,0,3.5,1,0,1,0,2.5,2.5,1,1.18322,0,3.5
0.078431373,1,0,1,2.5,2.5,1,1.183215957,0,3.5,1,0,1,0,2.5,2.5,1,1.18322,0,3.5,1,0,1,0,2.5,2.5,1,1.18322,0,3.5,1,0,1,0,2.5,2.5,1,1.18322,0,3.5,1,0,1,0,2.5,2.5,1,1.18322,0,3.5
0.082352941,1,0,1,2.5,2.5,1,1.183215957,0,3.5,1,0,1,0,2.5,2.5,1,1.18322,0,3.5,1,0,1,0,2.5,2.5,1,1.18322,0,3.5,1,0,1,0,2.5,2.5,1,1.18322,0,3.5,1,0,1,0,2.5,2.5,1,1.18322,0,3.5
0.08627451,1,0,1,2.5,2.5,1,1.183215957,0,3.5,1,0,1,0,2.5,2.5,1,1.18322,0,3.5,1,0,1,0,2.5,2.5,1,1.18322,0,3.5,1,0,1,0,2.5,2.5,1,1.18322,0,3.5,1,0,1,0,2.5,2.5,1,1.18322,0,3.5
0.090196078,1,0,1,2.5,2.5,1,1.183215957,0,3.5,1,0,1,0,2.5,2.5,1,1.18322,0,3.5,1,0,1,0,2.5,2.5,1,1.18322,0,3.5,1,0,1,0,2.5,2.5,1,1.18322,0,3.5,1,0,1,0,2.5,2.5,1,1.18322,0,3.5
0.094117647,1,0,1,2.5,2.5,1,1.183215957,0,3.5,1,0,1,0,2.5,2.5,1,1.18322,0,3.5,1,0,1,0,2.5,2.5,1,1.18322,0,3.5,1,0,1,0,2.5,2.5,1,1.18322,0,3.5,1,0,1,0,2.5,2.5,1,1.18322,0,3.5
0.098039216,1,0,1,2.5,2.5,1,1.183215957,0,3.5,1,0,1,0,2.5,2.5,1,1.18322,0,3.5,1,0,1,0,2.5,2.5,1,1.18322,0,3.5,1,0,1,0,2.5,2.5,1,1.18322,0,3.5,1,0,1,0,2.5,2.5,1,1.18322,0,3.5
0.101960784,1,0,1,2.5,2.5,1,1.183215957,0,3.5,1,0,1,0,2.5,2.5,1,1.18322,0,3.5,1,0,1,0,2.5,2.5,1,1.18322,0,3.5,1,0,1,0,2.5,2.5,1,1.18322,0,3.5,1,0,1,0,2.5,2.5,1,1.18322,0,3.5
0.105882353,1,0,1,2.5,2.5,1,1.183215957,0,3.5,1,0,1,0,2.5,2.5,1,1.18322,0,3.5,1,0,1,0,2.5,2.5,1,1.18322,0,3.5,1,0,1,0,2.5,2.5,1,1.18322,0,3.5,1,0,1,0,2.5,2.5,1,1.18322,0,3.5
0.109803922,1,0,1,2.5,2.5,1,1.183215957,0,3.5,1,0,1,0,2.5,2.5,1,1.18322,0,3.5,1,0,1,0,2.5,2.5,1,1.18322,0,3.5,1,0,1,0,2.5,2.5,1,1.18322,0,3.5,1,0,1,0,2.5,2.5,1,1.18322,0,3.5
0.11372549,1,0,1,2.5,2.5,1,1.183215957,0,3.5,1,0,1,0,2.5,2.5,1,1.18322,0,3.5,1,0,1,0,2.5,2.5,1,1.18322,0,3.5,1,0,1,0,2.5,2.5,1,1.18322,0,3.5,1,0,1,0,2.5,2.5,1,1.18322,0,3.5
0.117647059,1,0,1,2.5,2.5,1,1.183215957,0,3.5,1,0,1,0,2.5,2.5,1,1.18322,0,3.5,1,0,1,0,2.5,2.5,1,1.18322,0,3.5,1,0,1,0,2.5,2.5,1,1.18322,0,3.5,1,0,1,0,2.5,2.5,1,1.18322,0,3.5
0.121568627,1,0,1,2.5,2.5,1,1.183215957,0,3.5,1,0,1,0,2.5,2.5,1,1.18322,0,3.5,1,0,1,0,2.5,2.5,1,1.18322,0,3.5,1,0,1,0,2.5,2.5,1,1.18322,0,3.5,1,0,1,0,2.5,2.5,1,1.18322,0,3.5
0.125490196,1,0,1,2.5,2.5,1,1.183215957,0,3.5,1,0,1,0,2.5,2.5,1,1.18322,0,3.5,1,0,1,0,2.5,2.5,1,1.18322,0,3.5,1,0,1,0,2.5,2.5,1,1.18322,0,3.5,1,0,1,0,2.5,2.5,1,1.18322,0,3.5
0.129411765,1,0,1,2.5,2.5,1,1.183215957,0,3.5,1,0,1,0,2.5,2.5,1,1.18322,0,3.5,1,0,1,0,2.5,2.5,1,1.18322,0,3.5,1,0,1,0,2.5,2.5,1,1.18322,0,3.5,1,0,1,0,2.5,2.5,1,1.18322,0,3.5
0.133333333,1,0,1,2.5,2.5,1,1.183215957,0,3.5,1,7.44E-18,1,7.44E-18,2.5,2.5,1,1.18322,6.29E-18,3.5,1,7.44333E-18,1,7.44333E-18,2.5,2.5,1,1.18322,6.29077E-18,3.5,1,0,1,0,2.5,2.5,1,1.18322,0,3.5,1,0,1,0,2.5,2.5,1,1.18322,0,3.5
0.137254902,1,0,1,2.5,2.5,1,1.183215957,0,3.5,1,9.39E-17,1,9.39E-17,2.5,2.5,1,1.18322,7.93E-17,3.5,1,9.38513E-17,1,9.38513E-17,2.5,2.5,1,1.18322,7.93188E-17,3.5,1,0,1,0,2.5,2.5,1,1.18322,0,3.5,1,0,1,0,2.5,2.5,1,1.18322,0,3.5
0.141176471,1,0,1,2.5,2.5,1,1.183215957,0,3.5,1,6.52E-16,1,6.52E-16,2.5,2.5,1,1.18322,5.51E-16,3.5,1,6.52449E-16,1,6.52449E-16,2.5,2.5,1,1.18322,5.5142E-16,3.5,1,0,1,0,2.5,2.5,1,1.18322,0,3.5,1,0,1,0,2.5,2.5,1,1.18322,0,3.5
0.145098039,1,0,1,2.5,2.5,1,1.183215957,0,3.5,1,3.34E-15,1,3.34E-15,2.5,2.5,1,1.18322,2.82E-15,3.5,1,3.3374E-15,1,3.3374E-15,2.5,2.5,1,1.18322,2.82062E-15,3.5,1,0,1,0,2.5,2.5,1,1.18322,0,3.5,1,0,1,0,2.5,2.5,1,1.18322,0,3.5
0.149019608,1,0,1,2.5,2.5,1,1.183215957,0,3.5,1,1.58E-14,1,1.58E-14,2.5,2.5,1,1.18322,1.34E-14,3.5,1,1.58078E-14,1,1.58078E-14,2.5,2.5,1,1.18322,1.336E-14,3.5,1,0,1,0,2.5,2.5,1,1.18322,0,3.5,1,0,1,0,2.5,2.5,1,1.18322,0,3.5
0.152941176,1,0,1,2.5,2.5,1,1.183215957,0,3.5,1,7.3E-14,1,7.3E-14,2.5,2.5,1,1.18322,6.17E-14,3.5,1,7.29755E-14,1,7.29755E-14,2.5,2.5,1,1.18322,6.16755E-14,3.5,1,0,1,0,2.5,2.5,1,1.18322,0,3.5,1,0,1,0,2.5,2.5,1,1.18322,0,3.5
0.156862745,1,0,1,2.5,2.5,1,1.183215957,0,3.5,1,3.25E-13,1,3.25E-13,2.5,2.5,1,1.18322,2.74E-13,3.5,1,3.24647E-13,1,3.24647E-13,2.5,2.5,1,1.18322,2.74377E-13,3.5,1,0,1,0,2.5,2.5,1,1.18322,0,3.5,1,0,1,0,2.5,2.5,1,1.18322,0,3.5
0.160784314,1,0,1,2.5,2.5,1,1.183215957,0,3.5,1,1.39E-12,1,1.39E-12,2.5,2.5,1,1.18322,1.17E-12,3.5,1,1.38761E-12,1,1.38761E-12,2.5,2.5,1,1.18322,1.17275E-12,3.5,1,0,1,0,2.5,2.5,1,1.18322,0,3.5,1,0,1,0,2.5,2.5,1,1.18322,0,3.5
0.164705882,1,0,1,2.5,2.5,1,1.183215957,0,3.5,1,5.71E-12,1,5.71E-12,2.5,2.5,1,1.18322,4.82E-12,3.5,1,5.70533E-12,1,5.70533E-12,2.5,2.5,1,1.18322,4.82188E-12,3.5,1,0,1,0,2.5,2.5,1,1.18322,0,3.5,1,0,1,0,2.5,2.5,1,1.18322,0,3.5
0.168627451,1,0,1,2.5,2.5,1,1.183215957,0,3.5,1,2.26E-11,1,2.26E-11,2.5,2.5,1,1.18322,1.91E-11,3.5,1,2.25716E-11,1,2.25716E-11,2.5,2.5,1,1.18322,1.90765E-11,3.5,1,0,1,0,2.5,2.5,1,1.18322,0,3.5,1,0,1,0,2.5,2.5,1,1.18322,0,3.5
0.17254902,1,0,1,2.5,2.5,1,1.183215957,0,3.5,1,8.59E-11,1,8.59E-11,2.5,2.5,1,1.18322,7.26E-11,3.5,1,8.59321E-11,1,8.59321E-11,2.5,2.5,1,1.18322,7.26259E-11,3.5,1,0,1,0,2.5,2.5,1,1.18322,0,3.5,1,0,1,0,2.5,2.5,1,1.18322,0,3.5
0.176470588,1,0,1,2.5,2.5,1,1.183215957,0,3.5,1,3.15E-10,1,3.15E-10,2.5,2.5,1,1.18322,2.66E-10,3.5,1,3.14818E-10,1,3.14818E-10,2.5,2.5,1,1.18322,2.6607E-10,3.5,1,0,1,0,2.5,2.5,1,1.18322,0,3.5,1,0,1,0,2.5,2.5,1,1.18322,0,3.5
0.180392157,1,0,1,2.5,2.5,1,1.183215957,0,3.5,1,1.11E-09,1,1.11E-09,2.5,2.5,1,1.18322,9.38E-10,3.5,1,1.10984E-09,1,1.10984E-09,2.5,2.5,1,1.18322,9.3799E-10,3.5,1,0,1,0,2.5,2.5,1,1.18322,0,3.5,1,0,1,0,2.5,2.5,1,1.18322,0,3.5
0.184313725,1,0,1,2.5,2.5,1,1.183215957,0,3.5,1,3.76E-09,1,3.76E-09,2.5,2.5,1,1.18322,3.18E-09,3.5,1,3.76469E-09,1,3.76469E-09,2.5,2.5,1,1.18322,3.18174E-09,3.5,1,0,1,0,2.5,2.5,1,1.18322,0,3.5,1,0,1,0,2.5,2.5,1,1.18322,0,3.5
0.188235294,1,0,1,2.5,2.5,1,1.183215957,0,3.5,1,1.23E-08,1,1.23E-08,2.5,2.5,1,1.18322,1.04E-08,3.5,1,1.22858E-08,1,1.22858E-08,2.5,2.5,1,1.18322,1.03834E-08,3.5,1,0,1,0,2.5,2.5,1,1.18322,0,3.5,1,0,1,0,2.5,2.5,1,1.18322,0,3.5
0.192156863,1,0,1,2.5,2.5,1,1.183215957,0,3.5,1,3.86E-08,1,3.86E-08,2.5,2.5,1,1.18322,3.26E-08,3.5,1,3.85659E-08,1,3.85659E-08,2.5,2.5,1,1.18322,3.25941E-08,3.5,1,6.92457E-17,1,6.92457E-17,2.5,2.5,1,1.18322,5.85233E-17,3.5,1,6.92457E-17,1,6.92457E-17,2.5,2.5,1,1.18322,5.85233E-17,3.5
0.196078431,1,0,1,2.5,2.5,1,1.183215957,0,3.5,1,0.000000116,1,0.000000116,2.5,2.5,1,1.18322,9.84E-08,3.5,1,1.16419E-07,1,1.16419E-07,2.5,2.5,1,1.18322,9.83916E-08,3.5,1,6.22976E-16,1,6.22976E-16,2.5,2.5,1,1.18322,5.26511E-16,3.5,1,6.22976E-16,1,6.22976E-16,2.5,2.5,1,1.18322,5.26511E-16,3.5
0.2,1,0,1,2.5,2.5,1,1.183215957,0,3.5,1,0.000000338,1,0.000000338,2.5,2.5,1,1.18322,0.000000286,3.5,1,3.3785E-07,1,3.3785E-07,2.5,2.5,1,1.18322,2.85536E-07,3.5,1,3.96712E-15,1,3.96712E-15,2.5,2.5,1,1.18322,3.35283E-15,3.5,1,3.96712E-15,1,3.96712E-15,2.5,2.5,1,1.18322,3.35283E-15,3.5
0.203921569,1,0,1,2.5,2.5,1,1.183215957,0,3.5,0.999999,0.000000942,0.999999,0.000000942,2.5,2.5,1,1.18322,0.000000796,3.5,0.999999,9.42198E-07,0.999999,9.42197E-07,2.5,2.5,1,1.18322,7.96303E-07,3.5,1,2.48635E-14,1,2.48635E-14,2.5,2.5,1,1.18322,2.10135E-14,3.5,1,2.48635E-14,1,2.48635E-14,2.5,2.5,1,1.18322,2.10135E-14,3.5
0.207843137,1,0,1,2.5,2.5,1,1.183215957,0,3.5,0.999998,0.00000252,0.999997,0.00000252,2.49999,2.49999,0.999999,1.18322,0.00000213,3.49999,0.999998,2.52392E-06,0.999997,2.52391E-06,2.49999,2.49999,0.999999,1.18322,2.1331E-06,3.49999,1,1.55688E-13,1,1.55688E-13,2.5,2.5,1,1.18322,1.3158E-13,3.5,1,1.55688E-13,1,1.55688E-13,2.5,2.5,1,1.18322,1.3158E-13,3.5
0.211764706,1,0,1,2.5,2.5,1,1.183215957,0,3.5,0.999995,0.00000649,0.999992,0.00000649,2.49998,2.49998,0.999998,1.18321,0.00000549,3.49998,0.999995,6.49055E-06,0.999992,6.49052E-06,2.49998,2.49998,0.999998,1.18321,5.48552E-06,3.49998,1,9.46348E-13,1,9.46348E-13,2.5,2.5,1,1.18322,7.9981E-13,3.5,1,9.46348E-13,1,9.46348E-13,2.5,2.5,1,1.18322,7.9981E-13,3.5
0.215686275,1,0,1,2.5,2.5,1,1.183215957,0,3.5,0.999986,0.000016,0.999981,0.000016,2.49995,2.49995,0.999995,1.18321,0.0000135,3.49995,0.999986,1.60132E-05,0.999981,0.000016013,2.49995,2.49995,0.999995,1.18321,1.35337E-05,3.49995,1,5.60546E-12,1,5.60546E-12,2.5,2.5,1,1.18322,4.73747E-12,3.5,1,5.60546E-12,1,5.60546E-12,2.5,2.5,1,1.18322,4.73747E-12,3.5
0.219607843,1,0,1,2.5,2.5,1,1.183215957,0,3.5,0.999968,0.0000379,0.999955,0.0000379,2.49989,2.49989,0.999987,1.18321,0.000032,3.49988,0.999968,3.78737E-05,0.999955,3.78725E-05,2.49989,2.49989,0.999987,1.18321,3.20093E-05,3.49988,1,3.24204E-11,1,3.24204E-11,2.5,2.5,1,1.18322,2.74002E-11,3.5,1,3.24204E-11,1,3.24204E-11,2.5,2.5,1,1.18322,2.74002E-11,3.5
0.223529412,1,0,1,2.5,2.5,1,1.183215957,0,3.5,0.999927,0.0000858,0.999898,0.0000858,2.49975,2.49975,0.999971,1.1832,0.0000725,3.49972,0.999927,0.000085798,0.999898,8.57917E-05,2.49975,2.49975,0.999971,1.1832,7.25136E-05,3.49972,1,1.83645E-10,1,1.83645E-10,2.5,2.5,1,1.18322,1.55208E-10,3.5,1,1.83645E-10,1,1.83645E-10,2.5,2.5,1,1.18322,1.55208E-10,3.5
0.22745098,1,0,1,2.5,2.5,1,1.183215957,0,3.5,0.999843,0.000185982,0.99978,0.000185953,2.49945,2.49945,0.999937,1.18318,0.000157188,3.49939,0.999843,0.000185982,0.99978,0.000185953,2.49945,2.49945,0.999937,1.18318,0.000157188,3.49939,1,1.02274E-09,1,1.02274E-09,2.5,2.5,1,1.18322,8.6437E-10,3.5,1,1.02274E-09,1,1.02274E-09,2.5,2.5,1,1.18322,8.6437E-10,3.5
0.231372549,1,0,1,2.5,2.5,1,1.183215957,0,3.5,0.999674,0.00038535,0.999544,0.000385224,2.49886,2.49886,0.99987,1.18314,0.000325701,3.49873,0.999674,0.00038535,0.999544,0.000385224,2.49886,2.49886,0.99987,1.18314,0.000325701,3.49873,1,5.62448E-09,1,5.62448E-09,2.5,2.5,1,1.18322,4.75355E-09,3.5,1,5.62448E-09,1,5.62448E-09,2.5,2.5,1,1.18322,4.75355E-09,3.5
0.235294118,1,0,1,2.5,2.5,1,1.183215957,0,3.5,0.999356,0.000762336,0.999098,0.000761845,2.49775,2.49775,0.999742,1.18306,0.000644375,3.49749,0.999356,0.000762336,0.999098,0.000761845,2.49775,2.49775,0.999742,1.18306,0.000644375,3.49749,1,3.06929E-08,1,3.06929E-08,2.5,2.5,1,1.18322,2.59402E-08,3.5,1,3.06929E-08,1,3.06929E-08,2.5,2.5,1,1.18322,2.59402E-08,3.5
0.239215686,1,0,1,2.5,2.5,1,1.183215957,0,3.5,0.998785,0.00143842,0.998299,0.00143667,2.49575,2.49575,0.999514,1.18293,0.00121598,3.49526,0.998785,0.00143842,0.998299,0.00143667,2.49575,2.49575,0.999514,1.18293,0.00121598,3.49526,1,1.67017E-07,1,1.67017E-07,2.5,2.5,1,1.18322,1.41155E-07,3.5,1,1.67017E-07,1,1.67017E-07,2.5,2.5,1,1.18322,1.41155E-07,3.5
0.243137255,1,0,1,2.5,2.5,1,1.183215957,0,3.5,0.997816,0.00258635,0.996944,0.0025807,2.49236,2.49236,0.999126,1.1827,0.00218682,3.49149,0.997816,0.00258635,0.996944,0.0025807,2.49236,2.49236,0.999126,1.1827,0.00218682,3.49149,0.999999,9.10039E-07,0.999999,9.10039E-07,2.5,2.5,1,1.18322,7.69124E-07,3.5,0.999999,9.10039E-07,0.999999,9.10039E-07,2.5,2.5,1,1.18322,7.69124E-07,3.5
0.247058824,1,0,1,2.5,2.5,1,1.183215957,0,3.5,0.996262,0.00442917,0.994771,0.00441261,2.48694,2.48694,0.998504,1.18233,0.00374614,3.48544,0.996262,0.00442917,0.994771,0.00441261,2.48694,2.48694,0.998504,1.18233,0.00374614,3.48544,0.999996,4.97609E-06,0.999994,4.97607E-06,2.49999,2.49999,0.999998,1.18321,4.20557E-06,3.49998,0.999996,4.97609E-06,0.999994,4.97607E-06,2.49999,2.49999,0.999998,1.18321,4.20557E-06,3.49998
0.250980392,1,0,1,2.5,2.5,1,1.183215957,0,3.5,0.993909,0.00722427,0.991483,0.00718026,2.47873,2.47873,0.99756,1.18177,0.00611308,3.47629,0.993909,0.00722427,0.991483,0.00718026,2.47873,2.47873,0.99756,1.18177,0.00611308,3.47629,0.999977,2.72884E-05,0.999968,2.72878E-05,2.49992,2.49992,0.999991,1.18321,0.000023063,3.49991,0.999977,2.72884E-05,0.999968,2.72878E-05,2.49992,2.49992,0.999991,1.18321,0.000023063,3.49991
0.254901961,1,0,1,2.5,2.5,1,1.183215957,0,3.5,0.990543,0.0112309,0.986787,0.0111247,2.46703,2.46703,0.996208,1.18097,0.0095099,3.46324,0.990543,0.0112309,0.986787,0.0111247,2.46703,2.46703,0.996208,1.18097,0.0095099,3.46324,0.999873,0.00014991,0.999823,0.000149891,2.49956,2.49956,0.999949,1.18319,0.0001267,3.49951,0.999873,0.00014991,0.999823,0.000149891,2.49956,2.49956,0.999949,1.18319,0.0001267,3.49951
0.258823529,1,0,1,2.5,2.5,1,1.183215957,0,3.5,0.985991,0.016667,0.980445,0.0164335,2.45125,2.45125,0.994376,1.17988,0.014126,3.44563,0.985991,0.016667,0.980445,0.0164335,2.45125,2.45125,0.994376,1.17988,0.014126,3.44563,0.999299,0.00082961,0.999019,0.000829028,2.49755,2.49755,0.99972,1.18305,0.000701246,3.49727,0.999299,0.00082961,0.999019,0.000829028,2.49755,2.49755,0.99972,1.18305,0.000701246,3.49727
0.262745098,1,0,1,2.5,2.5,1,1.183215957,0,3.5,0.980153,0.0236678,0.97233,0.023198,2.4311,2.4311,0.992018,1.17848,0.0200832,3.42312,0.980153,0.0236678,0.97233,0.023198,2.4311,2.4311,0.992018,1.17848,0.0200832,3.42312,0.995603,0.00520218,0.993858,0.00517931,2.48466,2.48466,0.998247,1.18218,0.00440051,3.4829,0.995603,0.00520218,0.993858,0.00517931,2.48466,2.48466,0.998247,1.18218,0.00440051,3.4829
0.266666667,0.988398629,0.013791075,0.983795854,2.488358,2.459583629,0.9953432,1.180457742,0.01168282,3.483701199,0.973026,0.0322609,0.962447,0.0313907,2.40662,2.40662,0.989128,1.17677,0.0274149,3.39575,0.973026,0.0322609,0.962447,0.0313907,2.40662,2.40662,0.989128,1.17677,0.0274149,3.39575,0.984335,0.0186281,0.97816,0.0183363,2.44557,2.44557,0.993727,1.1795,0.0157932,3.4393,0.984335,0.0186281,0.97816,0.0183363,2.44557,2.44557,0.993727,1.1795,0.0157932,3.4393
0.270588235,0.974792779,0.030130944,0.96488871,2.474599552,2.412664269,0.989839821,1.177189768,0.025595656,3.464439373,0.964697,0.0423664,0.950936,0.0408708,2.37821,2.37821,0.985735,1.17475,0.0360643,3.36394,0.964697,0.0423664,0.950936,0.0408708,2.37821,2.37821,0.985735,1.17475,0.0360643,3.36394,0.971647,0.0339097,0.960555,0.0329482,2.40195,2.40195,0.988584,1.17644,0.0288239,3.39053,0.971647,0.0339097,0.960555,0.0329482,2.40195,2.40195,0.988584,1.17644,0.0288239,3.39053
0.274509804,0.961337177,0.046470814,0.946293883,2.460879247,2.36677273,0.984351699,1.173921794,0.039585953,3.445230946,0.955326,0.0538201,0.938031,0.0514158,2.34646,2.34646,0.981896,1.17246,0.0459037,3.32836,0.955326,0.0538201,0.938031,0.0514158,2.34646,2.34646,0.981896,1.17246,0.0459037,3.32836,0.958983,0.0493235,0.943074,0.0473004,2.35885,2.35885,0.98341,1.17336,0.0420361,3.34226,0.958983,0.0493235,0.943074,0.0473004,2.35885,2.35885,0.98341,1.17336,0.0420361,3.34226
0.278431373,0.948030575,0.062810683,0.928007063,2.447197083,2.321887734,0.978878833,1.17065382,0.053654361,3.426075916,0.945112,0.0664093,0.924021,0.0627641,2.31214,2.31214,0.977685,1.16994,0.056763,3.28982,0.945112,0.0664093,0.924021,0.0627641,2.31214,2.31214,0.977685,1.16994,0.056763,3.28982,0.946323,0.0648955,0.92569,0.0614121,2.31622,2.31622,0.978197,1.17025,0.0554546,3.29441,0.946323,0.0648955,0.92569,0.0614121,2.31622,2.31622,0.978197,1.17025,0.0554546,3.29441
0.282352941,0.934871732,0.079150552,0.910023986,2.433553061,2.277988362,0.973421224,1.167385846,0.067801535,3.406974285,0.934255,0.0799098,0.909196,0.0746561,2.27597,2.27597,0.973178,1.16724,0.0684605,3.24915,0.934255,0.0799098,0.909196,0.0746561,2.27597,2.27597,0.973178,1.16724,0.0684605,3.24915,0.933681,0.0806131,0.908424,0.0752669,2.27409,2.27409,0.972948,1.1671,0.0690712,3.24704,0.933681,0.0806131,0.908424,0.0752669,2.27409,2.27409,0.972948,1.1671,0.0690712,3.24704
0.28627451,0.921859414,0.095490421,0.892340436,2.41994718,2.235054041,0.967978872,1.164117872,0.082028138,3.387926052,0.92294,0.0941142,0.893819,0.0868618,2.23864,2.23864,0.968448,1.1644,0.0808264,3.20708,0.92294,0.0941142,0.893819,0.0868618,2.23864,2.23864,0.968448,1.1644,0.0808264,3.20708,0.921085,0.096444,0.891312,0.0888331,2.23256,2.23256,0.967677,1.16394,0.0828602,3.20024,0.921085,0.096444,0.891312,0.0888331,2.23256,2.23256,0.967677,1.16394,0.0828602,3.20024
0.290196078,0.908992394,0.111830291,0.874952244,2.406379441,2.193064546,0.962551776,1.160849898,0.096334841,3.368931217,0.911321,0.108847,0.878106,0.0991946,2.20066,2.20066,0.963553,1.16145,0.0937162,3.16422,0.911321,0.108847,0.878106,0.0991946,2.20066,2.20066,0.963553,1.16145,0.0937162,3.16422,0.90856,0.112358,0.874391,0.102084,2.19171,2.19171,0.962392,1.16075,0.0967971,3.1541,0.90856,0.112358,0.874391,0.102084,2.19171,2.19171,0.962392,1.16075,0.0967971,3.1541
0.294117647,0.896269452,0.12817016,0.857855288,2.392849843,2.151999992,0.957139937,1.157581925,0.110722323,3.349989781,0.899517,0.12397,0.862224,0.111513,2.16247,2.16247,0.958542,1.15843,0.107016,3.12101,0.899517,0.12397,0.862224,0.111513,2.16247,2.16247,0.958542,1.15843,0.107016,3.12101,0.896119,0.12834,0.857674,0.115008,2.15156,2.15156,0.957098,1.15756,0.110872,3.10866,0.896119,0.12834,0.857674,0.115008,2.15156,2.15156,0.957098,1.15756,0.110872,3.10866
0.298039216,0.883689375,0.144510029,0.84104549,2.379358387,2.111840834,0.951743355,1.154313951,0.12519127,3.331101742,0.887615,0.13938,0.846295,0.123715,2.12436,2.12436,0.953448,1.15535,0.120639,3.07781,0.887615,0.13938,0.846295,0.123715,2.12436,2.12436,0.953448,1.15535,0.120639,3.07781,0.883762,0.144391,0.841163,0.127607,2.11212,2.11212,0.951797,1.15435,0.125084,3.06392,0.883762,0.144391,0.841163,0.127607,2.11212,2.11212,0.951797,1.15435,0.125084,3.06392
0.301960784,0.871250955,0.160849898,0.824518822,2.365905073,2.072567857,0.946362029,1.151045977,0.139742375,3.312267102,0.875679,0.155001,0.830405,0.135731,2.08653,2.08653,0.948299,1.15222,0.134523,3.03483,0.875679,0.155001,0.830405,0.135731,2.08653,2.08653,0.948299,1.15222,0.134523,3.03483,0.871493,0.160506,0.824859,0.13988,2.07337,2.07337,0.946489,1.15112,0.139434,3.01986,0.871493,0.160506,0.824859,0.13988,2.07337,2.07337,0.946489,1.15112,0.139434,3.01986
0.305882353,0.858952993,0.177189768,0.808271297,2.352489901,2.034162178,0.94099596,1.147778003,0.15437634,3.293485861,0.863752,0.17078,0.814614,0.147512,2.04913,2.04913,0.943111,1.14907,0.148625,2.99224,0.863752,0.17078,0.814614,0.147512,2.04913,2.04913,0.943111,1.14907,0.148625,2.99224,0.859321,0.176675,0.808774,0.151821,2.03535,2.03535,0.941179,1.14789,0.153913,2.97653,0.859321,0.176675,0.808774,0.151821,2.03535,2.03535,0.941179,1.14789,0.153913,2.97653
0.309803922,0.846794297,0.193529637,0.792298975,2.33911287,1.996605236,0.935645148,1.144510029,0.169093876,3.274758017,0.851866,0.18668,0.798964,0.159027,2.01225,2.01225,0.937898,1.14589,0.162913,2.95015,0.851866,0.18668,0.798964,0.159027,2.01225,2.01225,0.937898,1.14589,0.162913,2.95015,0.847257,0.192882,0.792923,0.163421,1.99807,1.99807,0.93587,1.14465,0.168508,2.93394,0.847257,0.192882,0.792923,0.163421,1.99807,1.99807,0.93587,1.14465,0.168508,2.93394
0.31372549,0.834773679,0.209869506,0.776597961,2.32577398,1.959878793,0.930309592,1.141242055,0.1838957,3.256083572,0.840042,0.202675,0.783481,0.170256,1.97596,1.97596,0.932669,1.14269,0.177367,2.90862,0.840042,0.202675,0.783481,0.170256,1.97596,1.97596,0.932669,1.14269,0.177367,2.90862,0.83531,0.209115,0.777313,0.174676,1.96155,1.96155,0.930569,1.1414,0.183209,2.89212,0.83531,0.209115,0.777313,0.174676,1.96155,1.96155,0.930569,1.1414,0.183209,2.89212
0.317647059,0.822889961,0.226209376,0.761164403,2.312473232,1.923964929,0.924989293,1.137974081,0.198782538,3.237462525,0.828295,0.218745,0.768185,0.181186,1.94028,1.94028,0.927429,1.13947,0.191971,2.86771,0.828295,0.218745,0.768185,0.181186,1.94028,1.94028,0.927429,1.13947,0.191971,2.86771,0.82348,0.225373,0.761945,0.18559,1.92578,1.92578,0.925274,1.13815,0.198017,2.85105,0.82348,0.225373,0.761945,0.18559,1.92578,1.92578,0.925274,1.13815,0.198017,2.85105
0.321568627,0.81114197,0.242549245,0.745994495,2.299210626,1.888846033,0.919684251,1.134706108,0.213755124,3.218894877,0.816635,0.234877,0.753088,0.191809,1.90525,1.90525,0.922184,1.13625,0.206713,2.82743,0.816635,0.234877,0.753088,0.191809,1.90525,1.90525,0.922184,1.13625,0.206713,2.82743,0.811763,0.24166,0.74681,0.196171,1.89073,1.89073,0.919985,1.13489,0.212937,2.81071,0.811763,0.24166,0.74681,0.196171,1.89073,1.89073,0.919985,1.13489,0.212937,2.81071
0.325490196,0.79952854,0.258889114,0.731084471,2.285986162,1.854504808,0.914394465,1.131438134,0.228814202,3.200380626,0.805071,0.251061,0.7382,0.202122,1.87087,1.87087,0.916938,1.13301,0.221587,2.78781,0.805071,0.251061,0.7382,0.202122,1.87087,1.87087,0.916938,1.13301,0.221587,2.78781,0.800156,0.257982,0.731902,0.206426,1.85638,1.85638,0.914699,1.13163,0.227975,2.77108,0.800156,0.257982,0.731902,0.206426,1.85638,1.85638,0.914699,1.13163,0.227975,2.77108
0.329411765,0.788048512,0.275228983,0.716430612,2.272799839,1.820924259,0.909119936,1.12817016,0.243960524,3.181919774,0.793607,0.267287,0.723526,0.212121,1.83716,1.83716,0.911692,1.12977,0.236587,2.74885,0.793607,0.267287,0.723526,0.212121,1.83716,1.83716,0.911692,1.12977,0.236587,2.74885,0.788659,0.274337,0.717221,0.216358,1.82273,1.82273,0.909418,1.12836,0.24313,2.73215,0.788659,0.274337,0.717221,0.216358,1.82273,1.82273,0.909418,1.12836,0.24313,2.73215
0.333333333,0.776700732,0.291568853,0.702029239,2.259651658,1.788087692,0.903860663,1.124902186,0.259194849,3.163512321,0.782249,0.283551,0.709069,0.221808,1.80412,1.80412,0.90645,1.12651,0.251707,2.71057,0.782249,0.283551,0.709069,0.221808,1.80412,1.80412,0.90645,1.12651,0.251707,2.71057,0.777277,0.290717,0.702771,0.225968,1.78977,1.78977,0.904145,1.12508,0.258397,2.69392,0.777277,0.290717,0.702771,0.225968,1.78977,1.78977,0.904145,1.12508,0.258397,2.69392
0.337254902,0.765484056,0.307908722,0.687876716,2.246541618,1.755978712,0.898616647,1.121634212,0.274517948,3.145158265,0.770999,0.299847,0.694833,0.231182,1.77174,1.77174,0.901212,1.12325,0.266945,2.67295,0.770999,0.299847,0.694833,0.231182,1.77174,1.77174,0.901212,1.12325,0.266945,2.67295,0.766015,0.307116,0.688556,0.235255,1.75751,1.75751,0.89888,1.1218,0.273771,2.65639,0.766015,0.307116,0.688556,0.235255,1.75751,1.75751,0.89888,1.1218,0.273771,2.65639
0.341176471,0.754397344,0.324248591,0.67396945,2.23346972,1.724581217,0.893387888,1.118366238,0.289930597,3.126857608,0.759859,0.316172,0.680819,0.240246,1.74003,1.74003,0.89598,1.11999,0.282299,2.63601,0.759859,0.316172,0.680819,0.240246,1.74003,1.74003,0.89598,1.11999,0.282299,2.63601,0.754875,0.323525,0.674578,0.244221,1.72595,1.72595,0.893628,1.11852,0.289245,2.61958,0.754875,0.323525,0.674578,0.244221,1.72595,1.72595,0.893628,1.11852,0.289245,2.61958
0.345098039,0.743439463,0.340588461,0.660303888,2.220435963,1.693879394,0.888174385,1.115098265,0.305433585,3.108610349,0.748832,0.332521,0.667026,0.249003,1.70897,1.70897,0.890755,1.11672,0.297767,2.59972,0.748832,0.332521,0.667026,0.249003,1.70897,1.70897,0.890755,1.11672,0.297767,2.59972,0.743861,0.339942,0.660838,0.25287,1.69507,1.69507,0.888388,1.11523,0.304817,2.58346,0.743861,0.339942,0.660838,0.25287,1.69507,1.69507,0.888388,1.11523,0.304817,2.58346
0.349019608,0.732609287,0.35692833,0.64687652,2.207440349,1.663857717,0.882976139,1.111830291,0.321027708,3.090416488,0.737919,0.348893,0.653456,0.257455,1.67855,1.67855,0.885539,1.11344,0.313346,2.56409,0.737919,0.348893,0.653456,0.257455,1.67855,1.67855,0.885539,1.11344,0.313346,2.56409,0.732973,0.356364,0.647334,0.261205,1.66488,1.66488,0.883163,1.11195,0.320486,2.54804,0.732973,0.356364,0.647334,0.261205,1.66488,1.66488,0.883163,1.11195,0.320486,2.54804
0.352941176,0.721905696,0.373268199,0.633683875,2.194482875,1.634500941,0.87779315,1.108562317,0.336713772,3.072276026,0.72712,0.365285,0.640106,0.265606,1.64878,1.64878,0.880331,1.11016,0.329037,2.52911,0.72712,0.365285,0.640106,0.265606,1.64878,1.64878,0.880331,1.11016,0.329037,2.52911,0.72221,0.37279,0.634065,0.269233,1.63535,1.63535,0.877951,1.10866,0.336252,2.5133,0.72221,0.37279,0.634065,0.269233,1.63535,1.63535,0.877951,1.10866,0.336252,2.5133
0.356862745,0.711327579,0.389608068,0.620722525,2.181563544,1.605794102,0.872625418,1.105294343,0.352492593,3.054188961,0.716436,0.381695,0.626977,0.27346,1.61963,1.61963,0.875133,1.10688,0.344838,2.49477,0.716436,0.381695,0.626977,0.27346,1.61963,1.61963,0.875133,1.10688,0.344838,2.49477,0.711571,0.389221,0.621025,0.276959,1.60646,1.60646,0.872752,1.10537,0.352117,2.47921,0.711571,0.389221,0.621025,0.276959,1.60646,1.60646,0.872752,1.10537,0.352117,2.47921
0.360784314,0.700873828,0.405947938,0.607989081,2.168682354,1.577722508,0.867472942,1.102026369,0.368364995,3.036155295,0.705867,0.398122,0.614066,0.281021,1.59111,1.59111,0.869946,1.1036,0.36075,2.46105,0.705867,0.398122,0.614066,0.281021,1.59111,1.59111,0.869946,1.1036,0.36075,2.46105,0.701053,0.40566,0.608211,0.284389,1.57821,1.57821,0.867567,1.10209,0.368083,2.44578,0.701053,0.40566,0.608211,0.284389,1.57821,1.57821,0.867567,1.10209,0.368083,2.44578
0.364705882,0.690543343,0.422287807,0.595480192,2.155839305,1.550271739,0.862335722,1.098758395,0.384331814,3.018175028,0.695414,0.414564,0.601372,0.288294,1.56319,1.56319,0.864769,1.10031,0.376771,2.42796,0.695414,0.414564,0.601372,0.288294,1.56319,1.56319,0.864769,1.10031,0.376771,2.42796,0.690654,0.422106,0.595617,0.29153,1.55057,1.55057,0.862395,1.0988,0.384153,2.41297,0.690654,0.422106,0.595617,0.29153,1.55057,1.55057,0.862395,1.0988,0.384153,2.41297
0.368627451,0.680335031,0.438627676,0.58319255,2.143034399,1.523427644,0.85721376,1.095490421,0.400393895,3.000248158,0.685077,0.43102,0.588894,0.295282,1.53587,1.53587,0.859602,1.09702,0.392902,2.39547,0.685077,0.43102,0.588894,0.295282,1.53587,1.53587,0.859602,1.09702,0.392902,2.39547,0.680374,0.438562,0.583241,0.298386,1.52353,1.52353,0.857236,1.0955,0.400329,2.38077,0.680374,0.438562,0.583241,0.298386,1.52353,1.52353,0.857236,1.0955,0.400329,2.38077
0.37254902,0.670247805,0.454967546,0.571122883,2.130267634,1.497176335,0.852107053,1.092222448,0.416552092,2.982374687,0.674854,0.447488,0.576628,0.30199,1.50914,1.50914,0.854448,1.09372,0.409143,2.36359,0.674854,0.447488,0.576628,0.30199,1.50914,1.50914,0.854448,1.09372,0.409143,2.36359,0.670212,0.455025,0.57108,0.304963,1.49708,1.49708,0.85209,1.09221,0.416609,2.34917,0.670212,0.455025,0.57108,0.304963,1.49708,1.49708,0.85209,1.09221,0.416609,2.34917
0.376470588,0.660280586,0.471307415,0.559267959,2.11753901,1.471504185,0.847015604,1.088954474,0.432807272,2.964554614,0.664748,0.463969,0.564573,0.308422,1.48298,1.48298,0.849305,1.09043,0.425494,2.33229,0.664748,0.463969,0.564573,0.308422,1.48298,1.48298,0.849305,1.09043,0.425494,2.33229,0.660168,0.471494,0.559134,0.311265,1.47121,1.47121,0.846957,1.08892,0.432993,2.31817,0.660168,0.471494,0.559134,0.311265,1.47121,1.47121,0.846957,1.08892,0.432993,2.31817
0.380392157,0.650432298,0.487647284,0.547624586,2.104848528,1.446397824,0.841939411,1.0856865,0.449160309,2.94678794,0.654755,0.480461,0.552728,0.314584,1.45739,1.45739,0.844174,1.08713,0.441955,2.30157,0.654755,0.480461,0.552728,0.314584,1.45739,1.45739,0.844174,1.08713,0.441955,2.30157,0.650242,0.487966,0.547399,0.317296,1.44591,1.44591,0.841839,1.08562,0.449481,2.28775,0.650242,0.487966,0.547399,0.317296,1.44591,1.44591,0.841839,1.08562,0.449481,2.28775
0.384313725,0.640701874,0.503987153,0.536189608,2.092196188,1.421844135,0.836878475,1.082418526,0.465612091,2.929074663,0.644878,0.496963,0.541088,0.32048,1.43235,1.43235,0.839056,1.08383,0.458526,2.27141,0.644878,0.496963,0.541088,0.32048,1.43235,1.43235,0.839056,1.08383,0.458526,2.27141,0.640435,0.504442,0.535874,0.323062,1.42117,1.42117,0.836735,1.08233,0.466072,2.2579,0.640435,0.504442,0.535874,0.323062,1.42117,1.42117,0.836735,1.08233,0.466072,2.2579
0.388235294,0.631088254,0.520327023,0.524959907,2.079581989,1.39783025,0.831832796,1.079150552,0.482163514,2.911414785,0.635114,0.513474,0.529653,0.326115,1.40786,1.40786,0.83395,1.08052,0.475209,2.24181,0.635114,0.513474,0.529653,0.326115,1.40786,1.40786,0.83395,1.08052,0.475209,2.24181,0.630745,0.52092,0.524556,0.328567,1.39697,1.39697,0.831646,1.07903,0.482767,2.22862,0.630745,0.52092,0.524556,0.328567,1.39697,1.39697,0.831646,1.07903,0.482767,2.22862
0.392156863,0.621590382,0.536666892,0.513932403,2.067005932,1.374343551,0.826802373,1.075882578,0.498815487,2.893808305,0.625463,0.529995,0.518419,0.331492,1.38389,1.38389,0.828857,1.07722,0.492003,2.21275,0.625463,0.529995,0.518419,0.331492,1.38389,1.38389,0.828857,1.07722,0.492003,2.21275,0.621171,0.5374,0.513442,0.333817,1.3733,1.3733,0.826572,1.07573,0.499567,2.19987,0.621171,0.5374,0.513442,0.333817,1.3733,1.3733,0.826572,1.07573,0.499567,2.19987
0.396078431,0.61220721,0.553006761,0.503104053,2.054468017,1.35137166,0.821787207,1.072614604,0.515568928,2.876255224,0.615926,0.546524,0.507385,0.336618,1.36045,1.36045,0.823776,1.07391,0.508909,2.18422,0.615926,0.546524,0.507385,0.336618,1.36045,1.36045,0.823776,1.07391,0.508909,2.18422,0.611712,0.553883,0.502529,0.338817,1.35015,1.35015,0.821512,1.07243,0.516473,2.17167,0.611712,0.553883,0.502529,0.338817,1.35015,1.35015,0.821512,1.07243,0.516473,2.17167
0.4,0.602937696,0.569346631,0.492471852,2.041968243,1.32890244,0.816787297,1.069346631,0.532424767,2.85875554,0.6065,0.563061,0.496548,0.341497,1.33751,1.33751,0.81871,1.0706,0.525928,2.15622,0.6065,0.563061,0.496548,0.341497,1.33751,1.33751,0.81871,1.0706,0.525928,2.15622,0.602368,0.570369,0.491813,0.343572,1.32751,1.32751,0.816467,1.06914,0.533486,2.14398,0.602368,0.570369,0.491813,0.343572,1.32751,1.32751,0.816467,1.06914,0.533486,2.14398
0.403921569,0.593780805,0.5856865,0.482032828,2.029506611,1.306923991,0.811802644,1.066078657,0.549383947,2.841309255,0.597187,0.579605,0.485905,0.346133,1.31507,1.31507,0.813656,1.06729,0.54306,2.12873,0.597187,0.579605,0.485905,0.346133,1.31507,1.31507,0.813656,1.06729,0.54306,2.12873,0.593137,0.586856,0.481293,0.348086,1.30537,1.30537,0.811437,1.06584,0.550605,2.11681,0.593137,0.586856,0.481293,0.348086,1.30537,1.30537,0.811437,1.06584,0.550605,2.11681
0.407843137,0.584735507,0.602026369,0.471784048,2.017083121,1.285424646,0.806833248,1.062810683,0.56644742,2.823916369,0.587984,0.596156,0.475453,0.350531,1.29312,1.29312,0.808616,1.06398,0.560306,2.10173,0.587984,0.596156,0.475453,0.350531,1.29312,1.29312,0.808616,1.06398,0.560306,2.10173,0.58402,0.603343,0.470967,0.352364,1.28372,1.28372,0.806423,1.06254,0.56783,2.09014,0.58402,0.603343,0.470967,0.352364,1.28372,1.28372,0.806423,1.06254,0.56783,2.09014
0.411764706,0.575800778,0.618366238,0.461722615,2.004697772,1.264392967,0.801879109,1.059542709,0.583616152,2.80657688,0.578892,0.612714,0.465191,0.354695,1.27164,1.27164,0.803589,1.06067,0.577666,2.07523,0.578892,0.612714,0.465191,0.354695,1.27164,1.27164,0.803589,1.06067,0.577666,2.07523,0.575017,0.619827,0.460833,0.356411,1.26254,1.26254,0.801425,1.05924,0.58516,2.06396,0.575017,0.619827,0.460833,0.356411,1.26254,1.26254,0.801425,1.05924,0.58516,2.06396
0.415686275,0.566975602,0.634706108,0.451845665,1.992350564,1.243817745,0.796940226,1.056274735,0.600891119,2.78929079,0.569909,0.629278,0.455116,0.358631,1.25063,1.25063,0.798577,1.05736,0.595141,2.04921,0.569909,0.629278,0.455116,0.358631,1.25063,1.25063,0.798577,1.05736,0.595141,2.04921,0.566128,0.636306,0.450889,0.360231,1.24183,1.24183,0.796443,1.05595,0.602594,2.03827,0.566128,0.636306,0.450889,0.360231,1.24183,1.24183,0.796443,1.05595,0.602594,2.03827
0.419607843,0.558258969,0.651045977,0.442150371,1.980041499,1.223687991,0.792016599,1.053006761,0.618273311,2.772058098,0.561035,0.645847,0.445225,0.362343,1.23007,1.23007,0.793578,1.05404,0.612732,2.02365,0.561035,0.645847,0.445225,0.362343,1.23007,1.23007,0.793578,1.05404,0.612732,2.02365,0.557353,0.652778,0.441134,0.363828,1.22158,1.22158,0.79148,1.05265,0.620128,2.01306,0.557353,0.652778,0.441134,0.363828,1.22158,1.22158,0.79148,1.05265,0.620128,2.01306
0.423529412,0.549649875,0.667385846,0.43263394,1.967770575,1.20399294,0.78710823,1.049738787,0.635763729,2.754878804,0.552269,0.662421,0.435516,0.365835,1.20996,1.20996,0.788594,1.05073,0.63044,1.99855,0.552269,0.662421,0.435516,0.365835,1.20996,1.20996,0.788594,1.05073,0.63044,1.99855,0.548694,0.669239,0.431567,0.367207,1.20179,1.20179,0.786535,1.04936,0.637761,1.98833,0.548694,0.669239,0.431567,0.367207,1.20179,1.20179,0.786535,1.04936,0.637761,1.98833
0.42745098,0.54114732,0.683725715,0.423293614,1.955537792,1.184722041,0.782215117,1.046470814,0.653363387,2.737752909,0.543611,0.679,0.425987,0.369112,1.19028,1.19028,0.783623,1.04741,0.648265,1.9739,0.543611,0.679,0.425987,0.369112,1.19028,1.19028,0.783623,1.04741,0.648265,1.9739,0.540151,0.685682,0.422188,0.370372,1.18245,1.18245,0.781611,1.04607,0.655486,1.96406,0.540151,0.685682,0.422188,0.370372,1.18245,1.18245,0.781611,1.04607,0.655486,1.96406
0.431372549,0.532750313,0.700065585,0.414126669,1.943343151,1.165864958,0.77733726,1.04320284,0.671073312,2.720680412,0.53506,0.695583,0.416634,0.372179,1.17103,1.17103,0.778668,1.0441,0.666207,1.94969,0.53506,0.695583,0.416634,0.372179,1.17103,1.17103,0.778668,1.0441,0.666207,1.94969,0.531729,0.702098,0.413,0.373326,1.16355,1.16355,0.776711,1.04278,0.673293,1.94027,0.531729,0.702098,0.413,0.373326,1.16355,1.16355,0.776711,1.04278,0.673293,1.94027
0.435294118,0.524457869,0.716405454,0.405130414,1.931186652,1.147411568,0.772474661,1.039934866,0.688894543,2.703661313,0.526615,0.71217,0.407456,0.375039,1.15219,1.15219,0.773727,1.04078,0.684267,1.92591,0.526615,0.71217,0.407456,0.375039,1.15219,1.15219,0.773727,1.04078,0.684267,1.92591,0.523433,0.718474,0.404005,0.376072,1.14511,1.14511,0.771838,1.03951,0.691168,1.91695,0.523433,0.718474,0.404005,0.376072,1.14511,1.14511,0.771838,1.03951,0.691168,1.91695
0.439215686,0.516269007,0.732745323,0.396302193,1.919068294,1.129351953,0.767627318,1.036666892,0.706828133,2.686695612,0.518276,0.728759,0.398451,0.377698,1.13375,1.13375,0.768801,1.03746,0.702446,1.90255,0.518276,0.728759,0.398451,0.377698,1.13375,1.13375,0.768801,1.03746,0.702446,1.90255,0.515269,0.734791,0.39521,0.378615,1.12713,1.12713,0.766997,1.03624,0.709092,1.89412,0.515269,0.734791,0.39521,0.378615,1.12713,1.12713,0.766997,1.03624,0.709092,1.89412
0.443137255,0.508182755,0.749085193,0.387639382,1.906988078,1.111676401,0.762795231,1.033398918,0.724875147,2.66978331,0.510042,0.745351,0.389615,0.38016,1.11571,1.11571,0.763889,1.03414,0.720745,1.8796,0.510042,0.745351,0.389615,0.38016,1.11571,1.11571,0.763889,1.03414,0.720745,1.8796,0.50725,0.751023,0.386624,0.380956,1.10961,1.10961,0.762197,1.03299,0.727036,1.87181,0.50725,0.751023,0.386624,0.380956,1.10961,1.10961,0.762197,1.03299,0.727036,1.87181
0.447058824,0.500198145,0.765425062,0.37913939,1.894946004,1.094375402,0.757978402,1.030130944,0.743036666,2.652924406,0.501911,0.761943,0.380948,0.382428,1.09806,1.09806,0.758994,1.03082,0.739161,1.85706,0.501911,0.761943,0.380948,0.382428,1.09806,1.09806,0.758994,1.03082,0.739161,1.85706,0.499391,0.767131,0.378263,0.383098,1.0926,1.0926,0.757448,1.02977,0.744953,1.85005,0.499391,0.767131,0.378263,0.383098,1.0926,1.0926,0.757448,1.02977,0.744953,1.85005
0.450980392,0.492314216,0.781764931,0.37079966,1.882942071,1.077439643,0.753176829,1.02686297,0.761313782,2.6361189,0.493886,0.778535,0.372446,0.384507,1.08079,1.08079,0.754114,1.0275,0.757697,1.83491,0.493886,0.778535,0.372446,0.384507,1.08079,1.08079,0.754114,1.0275,0.757697,1.83491,0.491718,0.783056,0.370149,0.385043,1.07613,1.07613,0.752767,1.02658,0.762779,1.82889,0.491718,0.783056,0.370149,0.385043,1.07613,1.07613,0.752767,1.02658,0.762779,1.82889
0.454901961,0.484530012,0.7981048,0.362617664,1.87097628,1.060860008,0.748390512,1.023594997,0.779707602,2.619366792,0.485964,0.795124,0.364109,0.386401,1.06389,1.06389,0.749252,1.02418,0.776349,1.81314,0.485964,0.795124,0.364109,0.386401,1.06389,1.06389,0.749252,1.02418,0.776349,1.81314,0.484267,0.798711,0.362319,0.386789,1.06026,1.06026,0.74818,1.02345,0.780409,1.80844,0.484267,0.798711,0.362319,0.386789,1.06026,1.06026,0.74818,1.02345,0.780409,1.80844
0.458823529,0.476844585,0.81444467,0.354590909,1.859048631,1.044627576,0.743619452,1.020327023,0.798219249,2.602668083,0.478148,0.811709,0.355935,0.388117,1.04736,1.04736,0.744403,1.02086,0.795119,1.79176,0.478148,0.811709,0.355935,0.388117,1.04736,1.04736,0.744403,1.02086,0.795119,1.79176,0.477097,0.813959,0.354829,0.388337,1.04512,1.04512,0.743726,1.0204,0.797686,1.78884,0.477097,0.813959,0.354829,0.388337,1.04512,1.04512,0.743726,1.0204,0.797686,1.78884
0.462745098,0.469256991,0.830784539,0.346716933,1.847159123,1.028733611,0.738863649,1.017059049,0.816849857,2.586022772,0.470434,0.828283,0.347923,0.389653,1.03118,1.03118,0.739579,1.01755,0.813997,1.77076,0.470434,0.828283,0.347923,0.389653,1.03118,1.03118,0.739579,1.01755,0.813997,1.77076,0.470295,0.828593,0.347766,0.389684,1.03086,1.03086,0.739462,1.01747,0.814365,1.77032,0.470295,0.828593,0.347766,0.389684,1.03086,1.03086,0.739462,1.01747,0.814365,1.77032
0.466666667,0.461766293,0.847124408,0.338993304,1.835307757,1.013169569,0.734123103,1.013791075,0.835600578,2.569430859,0.462835,0.84484,0.340075,0.391022,1.01536,1.01536,0.734764,1.01423,0.832984,1.75013,0.462835,0.84484,0.340075,0.391022,1.01536,1.01536,0.734764,1.01423,0.832984,1.75013,0.463992,0.84231,0.341255,0.390825,1.01774,1.01774,0.735477,1.01473,0.830087,1.75321,0.463992,0.84231,0.341255,0.390825,1.01774,1.01774,0.735477,1.01473,0.830087,1.75321
0.470588235,0.454371562,0.863464278,0.331417623,1.823494532,0.997927087,0.729397813,1.010523101,0.854472576,2.552892345,0.455333,0.861368,0.332392,0.392209,0.999899,0.999899,0.729998,1.01094,0.852047,1.7299,0.455333,0.861368,0.332392,0.392209,0.999899,0.999899,0.729998,1.01094,0.852047,1.7299,0.45835,0.854713,0.335458,0.391758,1.00607,1.00607,0.731883,1.01224,0.844376,1.73795,0.45835,0.854713,0.335458,0.391758,1.00607,1.00607,0.731883,1.01224,0.844376,1.73795
0.474509804,0.44707187,0.879804147,0.323987521,1.811719449,0.982997985,0.72468778,1.007255127,0.873467032,2.536407228,0.447983,0.877837,0.324885,0.393256,0.984821,0.984821,0.725218,1.00762,0.871196,1.71004,0.447983,0.877837,0.324885,0.393256,0.984821,0.984821,0.725218,1.00762,0.871196,1.71004,0.453102,0.86636,0.330092,0.39255,0.995274,0.995274,0.728515,1.00991,0.857857,1.72379,0.453102,0.86636,0.330092,0.39255,0.995274,0.995274,0.728515,1.00991,0.857857,1.72379
0.478431373,0.4398663,0.896144016,0.316700658,1.799982507,0.968374261,0.719993003,1.003987153,0.892585142,2.51997551,0.440718,0.894202,0.317569,0.394091,0.970122,0.970122,0.720574,1.00439,0.890292,1.6907,0.440718,0.894202,0.317569,0.394091,0.970122,0.970122,0.720574,1.00439,0.890292,1.6907,0.447506,0.8789,0.324397,0.393313,0.983833,0.983833,0.724899,1.0074,0.872442,1.70873,0.447506,0.8789,0.324397,0.393313,0.983833,0.983833,0.724899,1.0074,0.872442,1.70873
0.482352941,0.432753937,0.912483885,0.309554726,1.788283708,0.954048088,0.715313483,1.00071918,0.911828117,2.503597191,0.433767,0.910329,0.310501,0.394871,0.955983,0.955983,0.715824,1.00108,0.90935,1.67181,0.433767,0.910329,0.310501,0.394871,0.955983,0.955983,0.715824,1.00108,0.90935,1.67181,0.441602,0.892265,0.318419,0.394026,0.971835,0.971835,0.721054,1.00473,0.888067,1.69289,0.441602,0.892265,0.318419,0.394026,0.971835,0.971835,0.721054,1.00473,0.888067,1.69289
0.48627451,0.426319428,0.92745262,0.303130178,1.777600069,0.941178687,0.711040028,0.997725433,0.929566983,2.488640097,0.42689,0.925914,0.303791,0.395263,0.942467,0.942467,0.711637,0.998144,0.927635,1.6541,0.42689,0.925914,0.303791,0.395263,0.942467,0.942467,0.711637,0.998144,0.927635,1.6541,0.435531,0.906159,0.312305,0.39466,0.959576,0.959576,0.717069,1.00195,0.904398,1.67664,0.435531,0.906159,0.312305,0.39466,0.959576,0.959576,0.717069,1.00195,0.904398,1.67664
0.490196078,0.426319428,0.92745262,0.303130178,1.777600069,0.941178687,0.711040028,0.997725433,0.929566983,2.488640097,0.421284,0.939933,0.29789,0.395979,0.930821,0.930821,0.707099,0.994957,0.944697,1.63792,0.421284,0.939933,0.29789,0.395979,0.930821,0.930821,0.707099,0.994957,0.944697,1.63792,0.429462,0.920204,0.306228,0.395193,0.947399,0.947399,0.71305,0.999134,0.921001,1.66045,0.429462,0.920204,0.306228,0.395193,0.947399,0.947399,0.71305,0.999134,0.921001,1.66045
0.494117647,0.426319428,0.92745262,0.303130178,1.777600069,0.941178687,0.711040028,0.997725433,0.929566983,2.488640097,0.416639,0.948852,0.294018,0.395329,0.9226,0.9226,0.70569,0.993965,0.954613,1.62829,0.416639,0.948852,0.294018,0.395329,0.9226,0.9226,0.70569,0.993965,0.954613,1.62829,0.426221,0.927772,0.302995,0.395436,0.940926,0.940926,0.710888,0.997619,0.929987,1.65181,0.426221,0.927772,0.302995,0.395436,0.940926,0.940926,0.710888,0.997619,0.929987,1.65181
0.498039216,0.426319428,0.92745262,0.303130178,1.777600069,0.941178687,0.711040028,0.997725433,0.929566983,2.488640097,0.420413,0.945695,0.296247,0.397582,0.928614,0.928614,0.704658,0.993238,0.952134,1.63327,0.420413,0.945695,0.296247,0.397582,0.928614,0.928614,0.704658,0.993238,0.952134,1.63327,0.425312,0.929906,0.302089,0.3955,0.939112,0.939112,0.710277,0.99719,0.932526,1.64939,0.425312,0.929906,0.302089,0.3955,0.939112,0.939112,0.710277,0.99719,0.932526,1.64939
0.501960784,0.426319428,0.92745262,0.303130178,1.777600069,0.941178687,0.711040028,0.997725433,0.929566983,2.488640097,0.344279,1.14781,0.221796,0.395168,0.78128,0.78128,0.644233,0.949698,1.20861,1.42551,0.344279,1.14781,0.221796,0.395168,0.78128,0.78128,0.644233,0.949698,1.20861,1.42551,0.42518,0.930219,0.301956,0.39551,0.938847,0.938847,0.710186,0.997126,0.9329,1.64903,0.42518,0.930219,0.301956,0.39551,0.938847,0.938847,0.710186,0.997126,0.9329,1.64903
0.505882353,0.426319428,0.92745262,0.303130178,1.777600069,0.941178687,0.711040028,0.997725433,0.929566983,2.488640097,0.433447,0.910783,0.31027,0.394777,0.955454,0.955454,0.71582,1.00107,0.909807,1.67127,0.433447,0.910783,0.31027,0.394777,0.955454,0.955454,0.71582,1.00107,0.909807,1.67127,0.425525,0.929412,0.302299,0.395488,0.939533,0.939533,0.710413,0.997286,0.931942,1.64995,0.425525,0.929412,0.302299,0.395488,0.939533,0.939533,0.710413,0.997286,0.931942,1.64995
0.509803922,0.426319428,0.92745262,0.303130178,1.777600069,0.941178687,0.711040028,0.997725433,0.929566983,2.488640097,0.428445,0.922495,0.305248,0.395239,0.945422,0.945422,0.712454,0.998717,0.92368,1.65788,0.428445,0.922495,0.305248,0.395239,0.945422,0.945422,0.712454,0.998717,0.92368,1.65788,0.425883,0.928577,0.302653,0.395466,0.940243,0.940243,0.710648,0.997451,0.930951,1.65089,0.425883,0.928577,0.302653,0.395466,0.940243,0.940243,0.710648,0.997451,0.930951,1.65089
0.51372549,0.426319428,0.92745262,0.303130178,1.777600069,0.941178687,0.711040028,0.997725433,0.929566983,2.488640097,0.422773,0.935796,0.299606,0.395629,0.934129,0.934129,0.708669,0.996061,0.939496,1.6428,0.422773,0.935796,0.299606,0.395629,0.934129,0.934129,0.708669,0.996061,0.939496,1.6428,0.425994,0.928322,0.302762,0.39546,0.940462,0.940462,0.710718,0.9975,0.930648,1.65118,0.425994,0.928322,0.302762,0.39546,0.940462,0.940462,0.710718,0.9975,0.930648,1.65118
0.517647059,0.426319428,0.92745262,0.303130178,1.777600069,0.941178687,0.711040028,0.997725433,0.929566983,2.488640097,0.428635,0.922024,0.305449,0.395211,0.94582,0.94582,0.71261,0.998826,0.923108,1.65843,0.428635,0.922024,0.305449,0.395211,0.94582,0.94582,0.71261,0.998826,0.923108,1.65843,0.426107,0.928062,0.302872,0.395454,0.940683,0.940683,0.710789,0.997549,0.930342,1.65147,0.426107,0.928062,0.302872,0.395454,0.940683,0.940683,0.710789,0.997549,0.930342,1.65147
0.521568627,0.426319428,0.92745262,0.303130178,1.777600069,0.941178687,0.711040028,0.997725433,0.929566983,2.488640097,0.425543,0.929258,0.302364,0.395439,0.939644,0.939644,0.710539,0.997374,0.931705,1.65018,0.425543,0.929258,0.302364,0.395439,0.939644,0.939644,0.710539,0.997374,0.931705,1.65018,0.426187,0.92788,0.30295,0.39545,0.940839,0.940839,0.710837,0.997583,0.930128,1.65168,0.426187,0.92788,0.30295,0.39545,0.940839,0.940839,0.710837,0.997583,0.930128,1.65168
0.525490196,0.426319428,0.92745262,0.303130178,1.777600069,0.941178687,0.711040028,0.997725433,0.929566983,2.488640097,0.426796,0.926336,0.303607,0.395356,0.942134,0.942134,0.711365,0.997953,0.928236,1.6535,0.426796,0.926336,0.303607,0.395356,0.942134,0.942134,0.711365,0.997953,0.928236,1.6535,0.426215,0.927821,0.302975,0.395451,0.940891,0.940891,0.71085,0.997592,0.93006,1.65174,0.426215,0.927821,0.302975,0.395451,0.940891,0.940891,0.71085,0.997592,0.93006,1.65174
0.529411765,0.426319428,0.92745262,0.303130178,1.777600069,0.941178687,0.711040028,0.997725433,0.929566983,2.488640097,0.426317,0.927438,0.303138,0.395383,0.941192,0.941192,0.711062,0.997741,0.929538,1.65225,0.426317,0.927438,0.303138,0.395383,0.941192,0.941192,0.711062,0.997741,0.929538,1.65225,0.426265,0.927708,0.303023,0.39545,0.940988,0.940988,0.710878,0.997612,0.929929,1.65187,0.426265,0.927708,0.303023,0.39545,0.940988,0.940988,0.710878,0.997612,0.929929,1.65187
0.533333333,0.426319428,0.92745262,0.303130178,1.777600069,0.941178687,0.711040028,0.997725433,0.929566983,2.488640097,0.426499,0.927015,0.303318,0.39537,0.941553,0.941553,0.711182,0.997825,0.929035,1.65273,0.426499,0.927015,0.303318,0.39537,0.941553,0.941553,0.711182,0.997825,0.929035,1.65273,0.426368,0.927474,0.303122,0.395445,0.941189,0.941189,0.71094,0.997655,0.929654,1.65213,0.426368,0.927474,0.303122,0.395445,0.941189,0.941189,0.71094,0.997655,0.929654,1.65213
0.537254902,0.426319428,0.92745262,0.303130178,1.777600069,0.941178687,0.711040028,0.997725433,0.929566983,2.488640097,0.426401,0.927285,0.303203,0.395395,0.94133,0.94133,0.711075,0.99775,0.929376,1.65241,0.426401,0.927285,0.303203,0.395395,0.94133,0.94133,0.711075,0.99775,0.929376,1.65241,0.426412,0.92738,0.303163,0.395445,0.94127,0.94127,0.710962,0.997671,0.929545,1.65223,0.426412,0.92738,0.303163,0.395445,0.94127,0.94127,0.710962,0.997671,0.929545,1.65223
0.541176471,0.426319428,0.92745262,0.303130178,1.777600069,0.941178687,0.711040028,0.997725433,0.929566983,2.488640097,0.426447,0.927173,0.303251,0.39539,0.941425,0.941425,0.711111,0.997775,0.92924,1.65254,0.426447,0.927173,0.303251,0.39539,0.941425,0.941425,0.711111,0.997775,0.92924,1.65254,0.426406,0.9274,0.303154,0.395449,0.941254,0.941254,0.710951,0.997663,0.929573,1.65221,0.426406,0.9274,0.303154,0.395449,0.941254,0.941254,0.710951,0.997663,0.929573,1.65221
0.545098039,0.426319428,0.92745262,0.303130178,1.777600069,0.941178687,0.711040028,0.997725433,0.929566983,2.488640097,0.426339,0.927312,0.303192,0.395349,0.941286,0.941286,0.711153,0.997805,0.929352,1.65244,0.426339,0.927312,0.303192,0.395349,0.941286,0.941286,0.711153,0.997805,0.929352,1.65244,0.426385,0.927457,0.30313,0.395454,0.941208,0.941208,0.710929,0.997647,0.929644,1.65214,0.426385,0.927457,0.30313,0.395454,0.941208,0.941208,0.710929,0.997647,0.929644,1.65214
0.549019608,0.426319428,0.92745262,0.303130178,1.777600069,0.941178687,0.711040028,0.997725433,0.929566983,2.488640097,0.426339,0.927264,0.303213,0.395329,0.941319,0.941319,0.711201,0.997839,0.929272,1.65252,0.426339,0.927264,0.303213,0.395329,0.941319,0.941319,0.711201,0.997839,0.929272,1.65252,0.426415,0.927397,0.303155,0.395456,0.94126,0.94126,0.71094,0.997655,0.929577,1.6522,0.426415,0.927397,0.303155,0.395456,0.94126,0.94126,0.71094,0.997655,0.929577,1.6522
0.552941176,0.426319428,0.92745262,0.303130178,1.777600069,0.941178687,0.711040028,0.997725433,0.929566983,2.488640097,0.426393,0.927365,0.30317,0.395422,0.941275,0.941275,0.711011,0.997705,0.929499,1.65229,0.426393,0.927365,0.30317,0.395422,0.941275,0.941275,0.711011,0.997705,0.929499,1.65229,0.42647,0.927276,0.303207,0.395456,0.941365,0.941365,0.710968,0.997675,0.929437,1.65233,0.42647,0.927276,0.303207,0.395456,0.941365,0.941365,0.710968,0.997675,0.929437,1.65233
0.556862745,0.426319428,0.92745262,0.303130178,1.777600069,0.941178687,0.711040028,0.997725433,0.929566983,2.488640097,0.426529,0.927328,0.303186,0.395532,0.94136,0.94136,0.710822,0.997572,0.929585,1.65218,0.426529,0.927328,0.303186,0.395532,0.94136,0.94136,0.710822,0.997572,0.929585,1.65218,0.426474,0.927276,0.303207,0.395459,0.941366,0.941366,0.710961,0.99767,0.929442,1.65233,0.426474,0.927276,0.303207,0.395459,0.941366,0.941366,0.710961,0.99767,0.929442,1.65233
0.560784314,0.426319428,0.92745262,0.303130178,1.777600069,0.941178687,0.711040028,0.997725433,0.929566983,2.488640097,0.426403,0.927415,0.30315,0.395453,0.941248,0.941248,0.710946,0.997659,0.92959,1.65219,0.426403,0.927415,0.30315,0.395453,0.941248,0.941248,0.710946,0.997659,0.92959,1.65219,0.426426,0.927399,0.303155,0.395467,0.941264,0.941264,0.710919,0.997641,0.929592,1.65218,0.426426,0.927399,0.303155,0.395467,0.941264,0.941264,0.710919,0.997641,0.929592,1.65218
0.564705882,0.426319428,0.92745262,0.303130178,1.777600069,0.941178687,0.711040028,0.997725433,0.929566983,2.488640097,0.426122,0.927374,0.303167,0.395174,0.941155,0.941155,0.711456,0.998017,0.929216,1.65261,0.426122,0.927374,0.303167,0.395174,0.941155,0.941155,0.711456,0.998017,0.929216,1.65261,0.426419,0.927425,0.303143,0.395472,0.941243,0.941243,0.710904,0.99763,0.929628,1.65215,0.426419,0.927425,0.303143,0.395472,0.941243,0.941243,0.710904,0.99763,0.929628,1.65215
0.568627451,0.426319428,0.92745262,0.303130178,1.777600069,0.941178687,0.711040028,0.997725433,0.929566983,2.488640097,0.425985,0.92745,0.303135,0.39508,0.941046,0.941046,0.71161,0.998125,0.929192,1.65266,0.425985,0.92745,0.303135,0.39508,0.941046,0.941046,0.71161,0.998125,0.929192,1.65266,0.426468,0.927323,0.303187,0.395474,0.941333,0.941333,0.710925,0.997645,0.929512,1.65226,0.426468,0.927323,0.303187,0.395474,0.941333,0.941333,0.710925,0.997645,0.929512,1.65226
0.57254902,0.426319428,0.92745262,0.303130178,1.777600069,0.941178687,0.711040028,0.997725433,0.929566983,2.488640097,0.426429,0.927404,0.303154,0.395472,0.941267,0.941267,0.710914,0.997637,0.929601,1.65218,0.426429,0.927404,0.303154,0.395472,0.941267,0.941267,0.710914,0.997637,0.929601,1.65218,0.426498,0.927267,0.303211,0.395478,0.941383,0.941383,0.71093,0.997648,0.929453,1.65231,0.426498,0.927267,0.303211,0.395478,0.941383,0.941383,0.71093,0.997648,0.929453,1.65231
0.576470588,0.426319428,0.92745262,0.303130178,1.777600069,0.941178687,0.711040028,0.997725433,0.929566983,2.488640097,0.426989,0.927472,0.303126,0.39602,0.941463,0.941463,0.709914,0.996935,0.930323,1.65138,0.426989,0.927472,0.303126,0.39602,0.941463,0.941463,0.709914,0.996935,0.930323,1.65138,0.426469,0.927353,0.303174,0.395488,0.941313,0.941313,0.710893,0.997622,0.929563,1.65221,0.426469,0.927353,0.303174,0.395488,0.941313,0.941313,0.710893,0.997622,0.929563,1.65221
0.580392157,0.426319428,0.92745262,0.303130178,1.777600069,0.941178687,0.711040028,0.997725433,0.929566983,2.488640097,0.426902,0.927424,0.303146,0.395919,0.941457,0.941457,0.710106,0.99707,0.930149,1.65156,0.426902,0.927424,0.303146,0.395919,0.941457,0.941457,0.710106,0.99707,0.930149,1.65156,0.426434,0.927456,0.30313,0.395499,0.94123,0.94123,0.71085,0.997592,0.929695,1.65208,0.426434,0.927456,0.30313,0.395499,0.94123,0.94123,0.71085,0.997592,0.929695,1.65208
0.584313725,0.426319428,0.92745262,0.303130178,1.777600069,0.941178687,0.711040028,0.997725433,0.929566983,2.488640097,0.425821,0.927486,0.303119,0.394944,0.940951,0.940951,0.711847,0.998291,0.929074,1.6528,0.425821,0.927486,0.303119,0.394944,0.940951,0.940951,0.711847,0.998291,0.929074,1.6528,0.426447,0.927446,0.303135,0.395506,0.941242,0.941242,0.710838,0.997584,0.929692,1.65208,0.426447,0.927446,0.303135,0.395506,0.941242,0.941242,0.710838,0.997584,0.929692,1.65208
0.588235294,0.426319428,0.92745262,0.303130178,1.777600069,0.941178687,0.711040028,0.997725433,0.929566983,2.488640097,0.424887,0.927442,0.303138,0.394059,0.940579,0.940579,0.713455,0.999419,0.927982,1.65403,0.424887,0.927442,0.303138,0.394059,0.940579,0.940579,0.713455,0.999419,0.927982,1.65403,0.426486,0.927374,0.303165,0.395512,0.941307,0.941307,0.710845,0.997588,0.929616,1.65215,0.426486,0.927374,0.303165,0.395512,0.941307,0.941307,0.710845,0.997588,0.929616,1.65215
0.592156863,0.426319428,0.92745262,0.303130178,1.777600069,0.941178687,0.711040028,0.997725433,0.929566983,2.488640097,0.425439,0.927503,0.303113,0.394596,0.940777,0.940777,0.712471,0.998729,0.928684,1.65325,0.425439,0.927503,0.303113,0.394596,0.940777,0.940777,0.712471,0.998729,0.928684,1.65325,0.42649,0.927386,0.30316,0.395521,0.941301,0.941301,0.710827,0.997576,0.92964,1.65213,0.42649,0.927386,0.30316,0.395521,0.941301,0.941301,0.710827,0.997576,0.92964,1.65213
0.596078431,0.426319428,0.92745262,0.303130178,1.777600069,0.941178687,0.711040028,0.997725433,0.929566983,2.488640097,0.427559,0.927466,0.303129,0.396546,0.941714,0.941714,0.708976,0.996276,0.930933,1.65069,0.427559,0.927466,0.303129,0.396546,0.941714,0.941714,0.708976,0.996276,0.930933,1.65069,0.426453,0.927498,0.303113,0.395534,0.94121,0.94121,0.710776,0.99754,0.929785,1.65199,0.426453,0.927498,0.303113,0.395534,0.94121,0.94121,0.710776,0.99754,0.929785,1.65199
0.6,0.426319428,0.92745262,0.303130178,1.777600069,0.941178687,0.711040028,0.997725433,0.929566983,2.488640097,0.429162,0.927516,0.303108,0.398055,0.942372,0.942372,0.70628,0.99438,0.932758,1.64865,0.429162,0.927516,0.303108,0.398055,0.942372,0.942372,0.70628,0.99438,0.932758,1.64865,0.426461,0.927512,0.303107,0.395548,0.941204,0.941204,0.710748,0.997521,0.929818,1.65195,0.426461,0.927512,0.303107,0.395548,0.941204,0.941204,0.710748,0.997521,0.929818,1.65195
0.603921569,0.426319428,0.92745262,0.303130178,1.777600069,0.941178687,0.711040028,0.997725433,0.929566983,2.488640097,0.428088,0.927472,0.303128,0.39704,0.941941,0.941941,0.708097,0.995659,0.931516,1.65004,0.428088,0.927472,0.303128,0.39704,0.941941,0.941941,0.708097,0.995659,0.931516,1.65004,0.426513,0.927432,0.303141,0.395562,0.94128,0.94128,0.710741,0.997516,0.929742,1.65202,0.426513,0.927432,0.303141,0.395562,0.94128,0.94128,0.710741,0.997516,0.929742,1.65202
0.607843137,0.426319428,0.92745262,0.303130178,1.777600069,0.941178687,0.711040028,0.997725433,0.929566983,2.488640097,0.42438,0.92751,0.303113,0.393617,0.940323,0.940323,0.714248,0.999973,0.927535,1.65457,0.42438,0.92751,0.303113,0.393617,0.940323,0.940323,0.714248,0.999973,0.927535,1.65457,0.426539,0.927418,0.303147,0.39558,0.941301,0.941301,0.710713,0.997496,0.929746,1.65201,0.426539,0.927418,0.303147,0.39558,0.941301,0.941301,0.710713,0.997496,0.929746,1.65201
0.611764706,0.426319428,0.92745262,0.303130178,1.777600069,0.941178687,0.711040028,0.997725433,0.929566983,2.488640097,0.421184,0.927479,0.303126,0.39064,0.938971,0.938971,0.719699,1.00378,0.923984,1.65867,0.421184,0.927479,0.303126,0.39064,0.938971,0.938971,0.719699,1.00378,0.923984,1.65867,0.426512,0.927528,0.3031,0.395602,0.941216,0.941216,0.710648,0.99745,0.929899,1.65186,0.426512,0.927528,0.3031,0.395602,0.941216,0.941216,0.710648,0.99745,0.929899,1.65186
0.615686275,0.426319428,0.92745262,0.303130178,1.777600069,0.941178687,0.711040028,0.997725433,0.929566983,2.488640097,0.422043,0.927512,0.303113,0.39145,0.93932,0.93932,0.718204,1.00274,0.924978,1.65752,0.422043,0.927512,0.303113,0.39145,0.93932,0.93932,0.718204,1.00274,0.924978,1.65752,0.426515,0.927567,0.303083,0.395621,0.941191,0.941191,0.710604,0.997419,0.929967,1.6518,0.426515,0.927567,0.303083,0.395621,0.941191,0.941191,0.710604,0.997419,0.929967,1.6518
0.619607843,0.426319428,0.92745262,0.303130178,1.777600069,0.941178687,0.711040028,0.997725433,0.929566983,2.488640097,0.427628,0.92748,0.303126,0.396616,0.941743,0.941743,0.708856,0.996192,0.931026,1.6506,0.427628,0.92748,0.303126,0.396616,0.941743,0.941743,0.708856,0.996192,0.931026,1.6506,0.42657,0.927479,0.303121,0.395635,0.941274,0.941274,0.7106,0.997417,0.929881,1.65187,0.42657,0.927479,0.303121,0.395635,0.941274,0.941274,0.7106,0.997417,0.929881,1.65187
0.623529412,0.426319428,0.92745262,0.303130178,1.777600069,0.941178687,0.711040028,0.997725433,0.929566983,2.488640097,0.434247,0.927511,0.303113,0.402769,0.94457,0.94457,0.69802,0.988549,0.938255,1.64259,0.434247,0.927511,0.303113,0.402769,0.94457,0.94457,0.69802,0.988549,0.938255,1.64259,0.426607,0.92742,0.303146,0.395644,0.941329,0.941329,0.710597,0.997415,0.929824,1.65193,0.426607,0.92742,0.303146,0.395644,0.941329,0.941329,0.710597,0.997415,0.929824,1.65193
0.62745098,0.426319428,0.92745262,0.303130178,1.777600069,0.941178687,0.711040028,0.997725433,0.929566983,2.488640097,0.436439,0.927485,0.303124,0.404791,0.945529,0.945529,0.694539,0.986081,0.940577,1.64007,0.436439,0.927485,0.303124,0.404791,0.945529,0.945529,0.694539,0.986081,0.940577,1.64007,0.426598,0.927487,0.303117,0.395664,0.94128,0.94128,0.710546,0.997379,0.929925,1.65183,0.426598,0.927487,0.303117,0.395664,0.94128,0.94128,0.710546,0.997379,0.929925,1.65183
0.631372549,0.426319428,0.92745262,0.303130178,1.777600069,0.941178687,0.711040028,0.997725433,0.929566983,2.488640097,0.431043,0.927506,0.303115,0.399795,0.943193,0.943193,0.703213,0.992219,0.93478,1.64641,0.431043,0.927506,0.303115,0.399795,0.943193,0.943193,0.703213,0.992219,0.93478,1.64641,0.426621,0.927562,0.303086,0.395718,0.941241,0.941241,0.710433,0.9973,0.930073,1.65167,0.426621,0.927562,0.303086,0.395718,0.941241,0.941241,0.710433,0.9973,0.930073,1.65167
0.635294118,0.426319428,0.92745262,0.303130178,1.777600069,0.941178687,0.711040028,0.997725433,0.929566983,2.488640097,0.420153,0.92749,0.303121,0.389688,0.938519,0.938519,0.721455,1.00501,0.92287,1.65997,0.420153,0.92749,0.303121,0.389688,0.938519,0.938519,0.721455,1.00501,0.92287,1.65997,0.426736,0.927512,0.303108,0.395803,0.941325,0.941325,0.710293,0.997201,0.930115,1.65162,0.426736,0.927512,0.303108,0.395803,0.941325,0.941325,0.710293,0.997201,0.930115,1.65162
0.639215686,0.426319428,0.92745262,0.303130178,1.777600069,0.941178687,0.711040028,0.997725433,0.929566983,2.488640097,0.4101,0.927502,0.303117,0.380369,0.934188,0.934188,0.739129,1.01724,0.911781,1.67332,0.4101,0.927502,0.303117,0.380369,0.934188,0.934188,0.739129,1.01724,0.911781,1.67332,0.426876,0.927406,0.303153,0.395887,0.941456,0.941456,0.710166,0.997112,0.930092,1.65162,0.426876,0.927406,0.303153,0.395887,0.941456,0.941456,0.710166,0.997112,0.930092,1.65162
0.643137255,0.426319428,0.92745262,0.303130178,1.777600069,0.941178687,0.711040028,0.997725433,0.929566983,2.488640097,0.407701,0.927496,0.30312,0.378141,0.933161,0.933161,0.743485,1.02023,0.909101,1.67665,0.407701,0.927496,0.30312,0.378141,0.933161,0.933161,0.743485,1.02023,0.909101,1.67665,0.426949,0.927419,0.303147,0.395961,0.941479,0.941479,0.710031,0.997017,0.930194,1.65151,0.426949,0.927419,0.303147,0.395961,0.941479,0.941479,0.710031,0.997017,0.930194,1.65151
0.647058824,0.426319428,0.92745262,0.303130178,1.777600069,0.941178687,0.711040028,0.997725433,0.929566983,2.488640097,0.416035,0.9275,0.303119,0.385872,0.936746,0.936746,0.728591,1.00996,0.91835,1.66534,0.416035,0.9275,0.303119,0.385872,0.936746,0.936746,0.728591,1.00996,0.91835,1.66534,0.426968,0.927541,0.303096,0.396031,0.941407,0.941407,0.709878,0.99691,0.930415,1.65128,0.426968,0.927541,0.303096,0.396031,0.941407,0.941407,0.709878,0.99691,0.930415,1.65128
0.650980392,0.426319428,0.92745262,0.303130178,1.777600069,0.941178687,0.711040028,0.997725433,0.929566983,2.488640097,0.432657,0.927503,0.303119,0.40129,0.943898,0.943898,0.7006,0.990374,0.936518,1.6445,0.432657,0.927503,0.303119,0.40129,0.943898,0.943898,0.7006,0.990374,0.936518,1.6445,0.427128,0.927548,0.303093,0.396181,0.94147,0.94147,0.709607,0.99672,0.9306,1.65108,0.427128,0.927548,0.303093,0.396181,0.94147,0.94147,0.709607,0.99672,0.9306,1.65108
0.654901961,0.426319428,0.92745262,0.303130178,1.777600069,0.941178687,0.711040028,0.997725433,0.929566983,2.488640097,0.450866,0.927501,0.303122,0.418179,0.951735,0.951735,0.67231,0.970172,0.956017,1.62405,0.450866,0.927501,0.303122,0.418179,0.951735,0.951735,0.67231,0.970172,0.956017,1.62405,0.427622,0.927399,0.303156,0.396576,0.941783,0.941783,0.708935,0.996247,0.930892,1.65072,0.427622,0.927399,0.303156,0.396576,0.941783,0.941783,0.708935,0.996247,0.930892,1.65072
0.658823529,0.426319428,0.92745262,0.303130178,1.777600069,0.941178687,0.711040028,0.997725433,0.929566983,2.488640097,0.462963,0.927508,0.303121,0.429402,0.956938,0.956938,0.65474,0.957411,0.968766,1.61168,0.462963,0.927508,0.303121,0.429402,0.956938,0.956938,0.65474,0.957411,0.968766,1.61168,0.428173,0.927357,0.303174,0.397069,0.942048,0.942048,0.708065,0.995636,0.931422,1.65011,0.428173,0.927357,0.303174,0.397069,0.942048,0.942048,0.708065,0.995636,0.931422,1.65011
0.662745098,0.426319428,0.92745262,0.303130178,1.777600069,0.941178687,0.711040028,0.997725433,0.929566983,2.488640097,0.463516,0.927502,0.303124,0.429912,0.957183,0.957183,0.653968,0.956847,0.969332,1.61115,0.463516,0.927502,0.303124,0.429912,0.957183,0.957183,0.653968,0.956847,0.969332,1.61115,0.428339,0.927467,0.303127,0.39727,0.942045,0.942045,0.707681,0.995366,0.931785,1.64973,0.428339,0.927467,0.303127,0.39727,0.942045,0.942045,0.707681,0.995366,0.931785,1.64973
0.666666667,0.426319428,0.92745262,0.303130178,1.777600069,0.941178687,0.711040028,0.997725433,0.929566983,2.488640097,0.451037,0.92751,0.303122,0.418341,0.951812,0.951812,0.672055,0.969988,0.956207,1.62387,0.451037,0.92751,0.303122,0.418341,0.951812,0.951812,0.672055,0.969988,0.956207,1.62387,0.4283,0.92753,0.303101,0.397262,0.941987,0.941987,0.707682,0.995367,0.931848,1.64967,0.4283,0.92753,0.303101,0.397262,0.941987,0.941987,0.707682,0.995367,0.931848,1.64967
0.670588235,0.426319428,0.92745262,0.303130178,1.777600069,0.941178687,0.711040028,0.997725433,0.929566983,2.488640097,0.42782,0.9275,0.303126,0.396803,0.941833,0.941833,0.708536,0.995967,0.931256,1.65037,0.42782,0.9275,0.303126,0.396803,0.941833,0.941833,0.708536,0.995967,0.931256,1.65037,0.428097,0.927441,0.303139,0.397034,0.941959,0.941959,0.708108,0.995666,0.931478,1.65007,0.428097,0.927441,0.303139,0.397034,0.941959,0.941959,0.708108,0.995666,0.931478,1.65007
0.674509804,0.426319428,0.92745262,0.303130178,1.777600069,0.941178687,0.711040028,0.997725433,0.929566983,2.488640097,0.398372,0.927508,0.303122,0.369494,0.929159,0.929159,0.760901,1.03212,0.898648,1.69006,0.398372,0.927508,0.303122,0.369494,0.929159,0.929159,0.760901,1.03212,0.898648,1.69006,0.426515,0.927358,0.303174,0.395532,0.941335,0.941335,0.710817,0.997569,0.929618,1.65215,0.426515,0.927358,0.303174,0.395532,0.941335,0.941335,0.710817,0.997569,0.929618,1.65215
0.678431373,0.426319428,0.92745262,0.303130178,1.777600069,0.941178687,0.711040028,0.997725433,0.929566983,2.488640097,0.367617,0.927495,0.303127,0.340963,0.915939,0.915939,0.824572,1.07443,0.863244,1.74051,0.367617,0.927495,0.303127,0.340963,0.915939,0.915939,0.824572,1.07443,0.863244,1.74051,0.417869,0.927417,0.30315,0.387539,0.937579,0.937579,0.725466,1.0078,0.920243,1.66305,0.417869,0.927417,0.30315,0.387539,0.937579,0.937579,0.725466,1.0078,0.920243,1.66305
0.682352941,0.426319428,0.92745262,0.303130178,1.777600069,0.941178687,0.711040028,0.997725433,0.929566983,2.488640097,0.339448,0.927506,0.303122,0.314841,0.903814,0.903814,0.892985,1.11811,0.829528,1.7968,0.339448,0.927506,0.303122,0.314841,0.903814,0.903814,0.892985,1.11811,0.829528,1.7968,0.380885,0.927519,0.303108,0.353278,0.921606,0.921606,0.795799,1.05552,0.878734,1.7174,0.380885,0.927519,0.303108,0.353278,0.921606,0.921606,0.795799,1.05552,0.878734,1.7174
0.68627451,0.265573712,0.92745262,0.303130178,2.853540888,0.872044497,1.141416355,1.264113483,0.733678291,3.994957243,0.316163,0.927491,0.303128,0.293239,0.893809,0.893809,0.958772,1.15857,0.80055,1.85258,0.316163,0.927491,0.303128,0.293239,0.893809,0.893809,0.958772,1.15857,0.80055,1.85258,0.321924,0.927516,0.30311,0.29859,0.896249,0.896249,0.941559,1.14812,0.807856,1.83781,0.321924,0.927516,0.30311,0.29859,0.896249,0.896249,0.941559,1.14812,0.807856,1.83781
0.690196078,0.265573712,0.92745262,0.303130178,2.853540888,0.872044497,1.141416355,1.264113483,0.733678291,3.994957243,0.298466,0.927507,0.303123,0.276829,0.886188,0.886188,1.0156,1.19241,0.777842,1.90179,0.298466,0.927507,0.303123,0.276829,0.886188,0.886188,1.0156,1.19241,0.777842,1.90179,0.275912,0.92741,0.303149,0.255883,0.876527,0.876527,1.09872,1.24024,0.747763,1.97525,0.275912,0.92741,0.303149,0.255883,0.876527,0.876527,1.09872,1.24024,0.747763,1.97525
0.694117647,0.265573712,0.92745262,0.303130178,2.853540888,0.872044497,1.141416355,1.264113483,0.733678291,3.994957243,0.285976,0.927491,0.30313,0.26524,0.880828,0.880828,1.05998,1.21819,0.76137,1.94081,0.285976,0.927491,0.30313,0.26524,0.880828,0.880828,1.05998,1.21819,0.76137,1.94081,0.266249,0.92738,0.30316,0.246914,0.872391,0.872391,1.13863,1.26257,0.734517,2.01103,0.266249,0.92738,0.30316,0.246914,0.872391,0.872391,1.13863,1.26257,0.734517,2.01103
0.698039216,0.265573712,0.92745262,0.303130178,2.853540888,0.872044497,1.141416355,1.264113483,0.733678291,3.994957243,0.2777,0.927514,0.303123,0.25757,0.877258,0.877258,1.09155,1.23619,0.750299,1.96881,0.2777,0.927514,0.303123,0.25757,0.877258,0.877258,1.09155,1.23619,0.750299,1.96881,0.265182,0.927477,0.303128,0.24595,0.871877,0.871877,1.1431,1.26504,0.733158,2.01497,0.265182,0.927477,0.303128,0.24595,0.871877,0.871877,1.1431,1.26504,0.733158,2.01497
0.701960784,0.265573712,0.92745262,0.303130178,2.853540888,0.872044497,1.141416355,1.264113483,0.733678291,3.994957243,0.272532,0.927498,0.30313,0.252773,0.875048,0.875048,1.11227,1.24787,0.743265,1.98732,0.272532,0.927498,0.30313,0.252773,0.875048,0.875048,1.11227,1.24787,0.743265,1.98732,0.265061,0.927603,0.303086,0.245872,0.871752,0.871752,1.14346,1.26524,0.733142,2.01521,0.265061,0.927603,0.303086,0.245872,0.871752,0.871752,1.14346,1.26524,0.733142,2.01521
0.705882353,0.265573712,0.92745262,0.303130178,2.853540888,0.872044497,1.141416355,1.264113483,0.733678291,3.994957243,0.269451,0.927529,0.303121,0.249924,0.873709,0.873709,1.12496,1.25497,0.739086,1.99867,0.269451,0.927529,0.303121,0.249924,0.873709,0.873709,1.12496,1.25497,0.739086,1.99867,0.26507,0.927608,0.303085,0.245881,0.871752,0.871752,1.14341,1.26522,0.73316,2.01517,0.26507,0.927608,0.303085,0.245881,0.871752,0.871752,1.14341,1.26522,0.73316,2.01517
0.709803922,0.265573712,0.92745262,0.303130178,2.853540888,0.872044497,1.141416355,1.264113483,0.733678291,3.994957243,0.267703,0.927508,0.30313,0.248297,0.872973,0.872973,1.13234,1.25908,0.736658,2.00531,0.267703,0.927508,0.30313,0.248297,0.872973,0.872973,1.13234,1.25908,0.736658,2.00531,0.265231,0.927458,0.303134,0.24599,0.871908,0.871908,1.14291,1.26494,0.733203,2.01482,0.265231,0.927458,0.303134,0.24599,0.871908,0.871908,1.14291,1.26494,0.733203,2.01482
0.71372549,0.265573712,0.92745262,0.303130178,2.853540888,0.872044497,1.141416355,1.264113483,0.733678291,3.994957243,0.26673,0.927533,0.303123,0.247401,0.872543,0.872543,1.13644,1.26136,0.735346,2.00899,0.26673,0.927533,0.303123,0.247401,0.872543,0.872543,1.13644,1.26136,0.735346,2.00899,0.265553,0.92736,0.303167,0.246264,0.872105,0.872105,1.14164,1.26424,0.733533,2.01375,0.265553,0.92736,0.303167,0.246264,0.872105,0.872105,1.14164,1.26424,0.733533,2.01375
0.717647059,0.265573712,0.92745262,0.303130178,2.853540888,0.872044497,1.141416355,1.264113483,0.733678291,3.994957243,0.266211,0.927499,0.303135,0.246911,0.872343,0.872343,1.1387,1.26261,0.734589,2.01105,0.266211,0.927499,0.303135,0.246911,0.872343,0.872343,1.1387,1.26261,0.734589,2.01105,0.265726,0.927381,0.30316,0.246429,0.872168,0.872168,1.14088,1.26381,0.733795,2.01305,0.265726,0.927381,0.30316,0.246429,0.872168,0.872168,1.14088,1.26381,0.733795,2.01305
0.721568627,0.265573712,0.92745262,0.303130178,2.853540888,0.872044497,1.141416355,1.264113483,0.733678291,3.994957243,0.26592,0.927525,0.303127,0.246648,0.872204,0.872204,1.13992,1.26328,0.734218,2.01212,0.26592,0.927525,0.303127,0.246648,0.872204,0.872204,1.13992,1.26328,0.734218,2.01212,0.265707,0.927559,0.303101,0.246459,0.872055,0.872055,1.14073,1.26374,0.733982,2.01279,0.265707,0.927559,0.303101,0.246459,0.872055,0.872055,1.14073,1.26374,0.733982,2.01279
0.725490196,0.265573712,0.92745262,0.303130178,2.853540888,0.872044497,1.141416355,1.264113483,0.733678291,3.994957243,0.265769,0.927495,0.303137,0.246499,0.872157,0.872157,1.14061,1.26366,0.733973,2.01276,0.265769,0.927495,0.303137,0.246499,0.872157,0.872157,1.14061,1.26366,0.733973,2.01276,0.265694,0.927624,0.303079,0.246464,0.87201,0.87201,1.14071,1.26372,0.734042,2.01272,0.265694,0.927624,0.303079,0.246464,0.87201,0.87201,1.14071,1.26372,0.734042,2.01272
0.729411765,0.265573712,0.92745262,0.303130178,2.853540888,0.872044497,1.141416355,1.264113483,0.733678291,3.994957243,0.265673,0.927522,0.303128,0.246418,0.8721,0.8721,1.14098,1.26387,0.733872,2.01308,0.265673,0.927522,0.303128,0.246418,0.8721,0.8721,1.14098,1.26387,0.733872,2.01308,0.265705,0.927548,0.303103,0.246454,0.872056,0.872056,1.14075,1.26375,0.733968,2.01281,0.265705,0.927548,0.303103,0.246454,0.872056,0.872056,1.14075,1.26375,0.733968,2.01281
0.733333333,0.265573712,0.92745262,0.303130178,2.853540888,0.872044497,1.141416355,1.264113483,0.733678291,3.994957243,0.265627,0.927485,0.303141,0.246365,0.872102,0.872102,1.14123,1.26401,0.733765,2.01333,0.265627,0.927485,0.303141,0.246365,0.872102,0.872102,1.14123,1.26401,0.733765,2.01333,0.265718,0.92735,0.303169,0.246413,0.872178,0.872178,1.14094,1.26385,0.733749,2.01312,0.265718,0.92735,0.303169,0.246413,0.872178,0.872178,1.14094,1.26385,0.733749,2.01312
0.737254902,0.265573712,0.92745262,0.303130178,2.853540888,0.872044497,1.141416355,1.264113483,0.733678291,3.994957243,0.265588,0.927518,0.303131,0.246337,0.872067,0.872067,1.14136,1.26408,0.733749,2.01343,0.265588,0.927518,0.303131,0.246337,0.872067,0.872067,1.14136,1.26408,0.733749,2.01343,0.265669,0.927308,0.303183,0.246357,0.872182,0.872182,1.14121,1.264,0.733632,2.01339,0.265669,0.927308,0.303183,0.246357,0.872182,0.872182,1.14121,1.264,0.733632,2.01339
0.741176471,0.265573712,0.92745262,0.303130178,2.853540888,0.872044497,1.141416355,1.264113483,0.733678291,3.994957243,0.265574,0.927488,0.303142,0.246316,0.872082,0.872082,1.14146,1.26414,0.733692,2.01354,0.265574,0.927488,0.303142,0.246316,0.872082,0.872082,1.14146,1.26414,0.733692,2.01354,0.265586,0.92743,0.303143,0.246313,0.872076,0.872076,1.14141,1.26411,0.733663,2.01349,0.265586,0.92743,0.303143,0.246313,0.872076,0.872076,1.14141,1.26411,0.733663,2.01349
0.745098039,0.265573712,0.92745262,0.303130178,2.853540888,0.872044497,1.141416355,1.264113483,0.733678291,3.994957243,0.265557,0.927512,0.303136,0.246307,0.872067,0.872067,1.14151,1.26417,0.733695,2.01358,0.265557,0.927512,0.303136,0.246307,0.872067,0.872067,1.14151,1.26417,0.733695,2.01358,0.265493,0.927637,0.303074,0.246281,0.871914,0.871914,1.14155,1.26419,0.733781,2.01346,0.265493,0.927637,0.303074,0.246281,0.871914,0.871914,1.14155,1.26419,0.733781,2.01346
0.749019608,0.265573712,0.92745262,0.303130178,2.853540888,0.872044497,1.141416355,1.264113483,0.733678291,3.994957243,0.265552,0.927502,0.303143,0.2463,0.872079,0.872079,1.14156,1.26419,0.733672,2.01364,0.265552,0.927502,0.303143,0.2463,0.872079,0.872079,1.14156,1.26419,0.733672,2.01364,0.265475,0.927663,0.303065,0.246271,0.87189,0.87189,1.1416,1.26421,0.733787,2.01349,0.265475,0.927663,0.303065,0.246271,0.87189,0.87189,1.1416,1.26421,0.733787,2.01349
0.752941176,0.265573712,0.92745262,0.303130178,2.853540888,0.872044497,1.141416355,1.264113483,0.733678291,3.994957243,0.265545,0.92751,0.303144,0.246296,0.872082,0.872082,1.14159,1.26421,0.733667,2.01367,0.265545,0.92751,0.303144,0.246296,0.872082,0.872082,1.14159,1.26421,0.733667,2.01367,0.26552,0.927442,0.303138,0.246254,0.872039,0.872039,1.14168,1.26426,0.733586,2.01372,0.26552,0.927442,0.303138,0.246254,0.872039,0.872039,1.14168,1.26426,0.733586,2.01372
0.756862745,0.265573712,0.92745262,0.303130178,2.853540888,0.872044497,1.141416355,1.264113483,0.733678291,3.994957243,0.265538,0.927522,0.303145,0.246293,0.872083,0.872083,1.14162,1.26423,0.733666,2.01371,0.265538,0.927522,0.303145,0.246293,0.872083,0.872083,1.14162,1.26423,0.733666,2.01371,0.265562,0.927245,0.303204,0.246241,0.872174,0.872174,1.14175,1.2643,0.733408,2.01392,0.265562,0.927245,0.303204,0.246241,0.872174,0.872174,1.14175,1.2643,0.733408,2.01392
0.760784314,0.265573712,0.92745262,0.303130178,2.853540888,0.872044497,1.141416355,1.264113483,0.733678291,3.994957243,0.265539,0.927511,0.303153,0.24629,0.8721,0.8721,1.14165,1.26424,0.733649,2.01375,0.265539,0.927511,0.303153,0.24629,0.8721,0.8721,1.14165,1.26424,0.733649,2.01375,0.265566,0.927252,0.303203,0.246247,0.872173,0.872173,1.14172,1.26428,0.733422,2.01389,0.265566,0.927252,0.303203,0.246247,0.872173,0.872173,1.14172,1.26428,0.733422,2.01389
0.764705882,0.265573712,0.92745262,0.303130178,2.853540888,0.872044497,1.141416355,1.264113483,0.733678291,3.994957243,0.265533,0.92754,0.303146,0.246292,0.872088,0.872088,1.14165,1.26424,0.733671,2.01374,0.265533,0.92754,0.303146,0.246292,0.872088,0.872088,1.14165,1.26424,0.733671,2.01374,0.26554,0.927507,0.303118,0.24629,0.872014,0.872014,1.14152,1.26417,0.733688,2.01353,0.26554,0.927507,0.303118,0.24629,0.872014,0.872014,1.14152,1.26417,0.733688,2.01353
0.768627451,0.265573712,0.92745262,0.303130178,2.853540888,0.872044497,1.141416355,1.264113483,0.733678291,3.994957243,0.265542,0.927506,0.303158,0.246292,0.872114,0.872114,1.14166,1.26425,0.733642,2.01377,0.265542,0.927506,0.303158,0.246292,0.872114,0.872114,1.14166,1.26425,0.733642,2.01377,0.265545,0.927651,0.30307,0.246333,0.871932,0.871932,1.14131,1.26406,0.733868,2.01324,0.265545,0.927651,0.30307,0.246333,0.871932,0.871932,1.14131,1.26406,0.733868,2.01324
0.77254902,0.265573712,0.92745262,0.303130178,2.853540888,0.872044497,1.141416355,1.264113483,0.733678291,3.994957243,0.265533,0.927547,0.303143,0.246294,0.872083,0.872083,1.14164,1.26424,0.73368,2.01373,0.265533,0.927547,0.303143,0.246294,0.872083,0.872083,1.14164,1.26424,0.73368,2.01373,0.265567,0.927614,0.303083,0.246344,0.871963,0.871963,1.14127,1.26403,0.733855,2.01323,0.265567,0.927614,0.303083,0.246344,0.871963,0.871963,1.14127,1.26403,0.733855,2.01323
0.776470588,0.265573712,0.92745262,0.303130178,2.853540888,0.872044497,1.141416355,1.264113483,0.733678291,3.994957243,0.265543,0.927489,0.30316,0.246289,0.872114,0.872114,1.14166,1.26425,0.733629,2.01377,0.265543,0.927489,0.30316,0.246289,0.872114,0.872114,1.14166,1.26425,0.733629,2.01377,0.265635,0.927296,0.30319,0.246322,0.872181,0.872181,1.14138,1.26409,0.733567,2.01356,0.265635,0.927296,0.30319,0.246322,0.872181,0.872181,1.14138,1.26409,0.733567,2.01356
0.780392157,0.265573712,0.92745262,0.303130178,2.853540888,0.872044497,1.141416355,1.264113483,0.733678291,3.994957243,0.265527,0.927542,0.303136,0.246287,0.872062,0.872062,1.14164,1.26424,0.733677,2.0137,0.265527,0.927542,0.303136,0.246287,0.872062,0.872062,1.14164,1.26424,0.733677,2.0137,0.26566,0.927173,0.303232,0.246313,0.872267,0.872267,1.14143,1.26412,0.733453,2.0137,0.26566,0.927173,0.303232,0.246313,0.872267,0.872267,1.14143,1.26412,0.733453,2.0137
0.784313725,0.265573712,0.92745262,0.303130178,2.853540888,0.872044497,1.141416355,1.264113483,0.733678291,3.994957243,0.265541,0.927461,0.303157,0.246279,0.872101,0.872101,1.14166,1.26425,0.733607,2.01376,0.265541,0.927461,0.303157,0.246279,0.872101,0.872101,1.14166,1.26425,0.733607,2.01376,0.265617,0.927341,0.303178,0.246317,0.872155,0.872155,1.14141,1.26411,0.733592,2.01357,0.265617,0.927341,0.303178,0.246317,0.872155,0.872155,1.14141,1.26411,0.733592,2.01357
0.788235294,0.265573712,0.92745262,0.303130178,2.853540888,0.872044497,1.141416355,1.264113483,0.733678291,3.994957243,0.265523,0.927533,0.303128,0.246281,0.872036,0.872036,1.14163,1.26423,0.733674,2.01366,0.265523,0.927533,0.303128,0.246281,0.872036,0.872036,1.14163,1.26423,0.733674,2.01366,0.26553,0.927632,0.303082,0.246314,0.87195,0.87195,1.14142,1.26412,0.733818,2.01337,0.26553,0.927632,0.303082,0.246314,0.87195,0.87195,1.14142,1.26412,0.733818,2.01337
0.792156863,0.265573712,0.92745262,0.303130178,2.853540888,0.872044497,1.141416355,1.264113483,0.733678291,3.994957243,0.265549,0.927441,0.303157,0.246281,0.872099,0.872099,1.14163,1.26423,0.733602,2.01372,0.265549,0.927441,0.303157,0.246281,0.872099,0.872099,1.14163,1.26423,0.733602,2.01372,0.265499,0.927679,0.303068,0.246298,0.871913,0.871913,1.14151,1.26416,0.733829,2.01342,0.265499,0.927679,0.303068,0.246298,0.871913,0.871913,1.14151,1.26416,0.733829,2.01342
0.796078431,0.265573712,0.92745262,0.303130178,2.853540888,0.872044497,1.141416355,1.264113483,0.733678291,3.994957243,0.265533,0.927544,0.303127,0.246294,0.872041,0.872041,1.14158,1.2642,0.733699,2.01362,0.265533,0.927544,0.303127,0.246294,0.872041,0.872041,1.14158,1.2642,0.733699,2.01362,0.265525,0.927538,0.303117,0.246285,0.872012,0.872012,1.14157,1.2642,0.733695,2.01359,0.265525,0.927538,0.303117,0.246285,0.872012,0.872012,1.14157,1.2642,0.733695,2.01359
0.8,0.265573712,0.92745262,0.303130178,2.853540888,0.872044497,1.141416355,1.264113483,0.733678291,3.994957243,0.265567,0.927437,0.303162,0.246297,0.872117,0.872117,1.14157,1.2642,0.733618,2.01368,0.265567,0.927437,0.303162,0.246297,0.872117,0.872117,1.14157,1.2642,0.733618,2.01368,0.265591,0.927233,0.303222,0.246265,0.872226,0.872226,1.14169,1.26426,0.733418,2.01391,0.265591,0.927233,0.303222,0.246265,0.872226,0.872226,1.14169,1.26426,0.733418,2.01391
0.803921569,0.265573712,0.92745262,0.303130178,2.853540888,0.872044497,1.141416355,1.264113483,0.733678291,3.994957243,0.265544,0.927547,0.303123,0.246305,0.872038,0.872038,1.14152,1.26417,0.73372,2.01356,0.265544,0.927547,0.303123,0.246305,0.872038,0.872038,1.14152,1.26417,0.73372,2.01356,0.265593,0.927247,0.303219,0.24627,0.872225,0.872225,1.14167,1.26425,0.733434,2.01389,0.265593,0.927247,0.303219,0.24627,0.872225,0.872225,1.14167,1.26425,0.733434,2.01389
0.807843137,0.265573712,0.92745262,0.303130178,2.853540888,0.872044497,1.141416355,1.264113483,0.733678291,3.994957243,0.265599,0.92751,0.303192,0.246346,0.872223,0.872223,1.14154,1.26418,0.733685,2.01376,0.265599,0.92751,0.303192,0.246346,0.872223,0.872223,1.14154,1.26418,0.733685,2.01376,0.265519,0.927693,0.303072,0.246321,0.871935,0.871935,1.14143,1.26412,0.733864,2.01337,0.265519,0.927693,0.303072,0.246321,0.871935,0.871935,1.14143,1.26412,0.733864,2.01337
0.811764706,0.265573712,0.92745262,0.303130178,2.853540888,0.872044497,1.141416355,1.264113483,0.733678291,3.994957243,0.265604,0.927802,0.303206,0.246428,0.872334,0.872334,1.14157,1.2642,0.733904,2.01391,0.265604,0.927802,0.303206,0.246428,0.872334,0.872334,1.14157,1.2642,0.733904,2.01391,0.265536,0.927779,0.303045,0.246358,0.871897,0.871897,1.14126,1.26403,0.733986,2.01316,0.265536,0.927779,0.303045,0.246358,0.871897,0.871897,1.14126,1.26403,0.733986,2.01316
0.815686275,0.265573712,0.92745262,0.303130178,2.853540888,0.872044497,1.141416355,1.264113483,0.733678291,3.994957243,0.265606,0.927489,0.303188,0.246347,0.872212,0.872212,1.14149,1.26416,0.733683,2.01371,0.265606,0.927489,0.303188,0.246347,0.872212,0.872212,1.14149,1.26416,0.733683,2.01371,0.265603,0.927566,0.303119,0.246364,0.872058,0.872058,1.14125,1.26402,0.733822,2.01331,0.265603,0.927566,0.303119,0.246364,0.872058,0.872058,1.14125,1.26402,0.733822,2.01331
0.819607843,0.265573712,0.92745262,0.303130178,2.853540888,0.872044497,1.141416355,1.264113483,0.733678291,3.994957243,0.265434,0.926986,0.302932,0.246054,0.871374,0.871374,1.14127,1.26403,0.733357,2.01264,0.265434,0.926986,0.302932,0.246054,0.871374,0.871374,1.14127,1.26403,0.733357,2.01264,0.265639,0.927421,0.303171,0.246359,0.872166,0.872166,1.14129,1.26404,0.733694,2.01345,0.265639,0.927421,0.303171,0.246359,0.872166,0.872166,1.14129,1.26404,0.733694,2.01345
0.823529412,0.265573712,0.92745262,0.303130178,2.853540888,0.872044497,1.141416355,1.264113483,0.733678291,3.994957243,0.265719,0.927996,0.303358,0.246586,0.87281,0.87281,1.14165,1.26424,0.734033,2.01446,0.265719,0.927996,0.303358,0.246586,0.87281,0.87281,1.14165,1.26424,0.734033,2.01446,0.26569,0.92718,0.303255,0.246342,0.87234,0.87234,1.14139,1.2641,0.733472,2.01373,0.26569,0.92718,0.303255,0.246342,0.87234,0.87234,1.14139,1.2641,0.733472,2.01373
0.82745098,0.265573712,0.92745262,0.303130178,2.853540888,0.872044497,1.141416355,1.264113483,0.733678291,3.994957243,0.266491,0.932004,0.304623,0.248371,0.877299,0.877299,1.14309,1.26504,0.73674,2.02039,0.266491,0.932004,0.304623,0.248371,0.877299,0.877299,1.14309,1.26504,0.73674,2.02039,0.265637,0.927304,0.303217,0.246327,0.872252,0.872252,1.14147,1.26414,0.733544,2.01372,0.265637,0.927304,0.303217,0.246327,0.872252,0.872252,1.14147,1.26414,0.733544,2.01372
0.831372549,0.265573712,0.92745262,0.303130178,2.853540888,0.872044497,1.141416355,1.264113483,0.733678291,3.994957243,0.265509,0.927022,0.303025,0.246133,0.871649,0.871649,1.1413,1.26405,0.733375,2.01295,0.265509,0.927022,0.303025,0.246133,0.871649,0.871649,1.1413,1.26405,0.733375,2.01295,0.265458,0.928127,0.302944,0.246379,0.871695,0.871695,1.14121,1.264,0.734278,2.01291,0.265458,0.928127,0.302944,0.246379,0.871695,0.871695,1.14121,1.264,0.734278,2.01291
0.835294118,0.265573712,0.92745262,0.303130178,2.853540888,0.872044497,1.141416355,1.264113483,0.733678291,3.994957243,0.261125,0.906314,0.296075,0.236661,0.847432,0.847432,1.13384,1.25991,0.719346,1.98128,0.261125,0.906314,0.296075,0.236661,0.847432,0.847432,1.13384,1.25991,0.719346,1.98128,0.265516,0.927796,0.303057,0.246345,0.87192,0.87192,1.14139,1.2641,0.733959,2.01331,0.265516,0.927796,0.303057,0.246345,0.87192,0.87192,1.14139,1.2641,0.733959,2.01331
0.839215686,0.265573712,0.92745262,0.303130178,2.853540888,0.872044497,1.141416355,1.264113483,0.733678291,3.994957243,0.264955,0.92482,0.302255,0.245036,0.868943,0.868943,1.14078,1.26376,0.731801,2.00972,0.264955,0.92482,0.302255,0.245036,0.868943,0.868943,1.14078,1.26376,0.731801,2.00972,0.265625,0.927141,0.303297,0.246272,0.872407,0.872407,1.14182,1.26434,0.733301,2.01423,0.265625,0.927141,0.303297,0.246272,0.872407,0.872407,1.14182,1.26434,0.733301,2.01423
0.843137255,0.265573712,0.92745262,0.303130178,2.853540888,0.872044497,1.141416355,1.264113483,0.733678291,3.994957243,0.291613,1.04767,0.346001,0.305514,1.02504,1.02504,1.18651,1.28884,0.812877,2.21155,0.291613,1.04767,0.346001,0.305514,1.02504,1.02504,1.18651,1.28884,0.812877,2.21155,0.265582,0.928574,0.303298,0.246613,0.872744,0.872744,1.14201,1.26444,0.734374,2.01475,0.265582,0.928574,0.303298,0.246613,0.872744,0.872744,1.14201,1.26444,0.734374,2.01475
0.847058824,0.265573712,0.92745262,0.303130178,2.853540888,0.872044497,1.141416355,1.264113483,0.733678291,3.994957243,0.264756,0.932661,0.304797,0.246928,0.877142,0.877142,1.15124,1.26954,0.734645,2.02838,0.264756,0.932661,0.304797,0.246928,0.877142,0.877142,1.15124,1.26954,0.734645,2.02838,0.261866,0.906522,0.297172,0.237387,0.850527,0.850527,1.13482,1.26046,0.719201,1.98535,0.261866,0.906522,0.297172,0.237387,0.850527,0.850527,1.13482,1.26046,0.719201,1.98535
0.850980392,0.125,0,0.1,2,0.25,0.8,1.058300524,0,2.8,0.155828,0.265219,0.140182,0.0413285,0.355935,0.355935,0.899593,1.12224,0.236329,1.25553,0.155828,0.265219,0.140182,0.0413285,0.355935,0.355935,0.899593,1.12224,0.236329,1.25553,0.185209,0.525142,0.188325,0.097261,0.496351,0.496351,1.01682,1.19313,0.440139,1.51318,0.185209,0.525142,0.188325,0.097261,0.496351,0.496351,1.01682,1.19313,0.440139,1.51318
0.854901961,0.125,0,0.1,2,0.25,0.8,1.058300524,0,2.8,0.126686,0.0145371,0.101938,0.00184164,0.254858,0.254858,0.804651,1.06137,0.0136965,1.05951,0.126686,0.0145371,0.101938,0.00184164,0.254858,0.254858,0.804651,1.06137,0.0136965,1.05951,0.126311,0.0123644,0.101618,0.00156176,0.254056,0.254056,0.804511,1.06128,0.0116505,1.05857,0.126311,0.0123644,0.101618,0.00156176,0.254056,0.254056,0.804511,1.06128,0.0116505,1.05857
0.858823529,0.125,0,0.1,2,0.25,0.8,1.058300524,0,2.8,0.12505,0.000421643,0.100056,0.0000527,0.25014,0.25014,0.800128,1.05839,0.000398383,1.05027,0.12505,0.000421643,0.100056,5.27263E-05,0.25014,0.25014,0.800128,1.05839,0.000398383,1.05027,0.125005,0.000038522,0.100005,4.81543E-06,0.250013,0.250013,0.800012,1.05831,3.63996E-05,1.05002,0.125005,0.000038522,0.100005,4.81543E-06,0.250013,0.250013,0.800012,1.05831,3.63996E-05,1.05002
0.862745098,0.125,0,0.1,2,0.25,0.8,1.058300524,0,2.8,0.125001,0.0000114,0.100002,0.00000143,0.250004,0.250004,0.800003,1.0583,0.0000108,1.05001,0.125001,1.14221E-05,0.100002,1.42778E-06,0.250004,0.250004,0.800003,1.0583,1.07929E-05,1.05001,0.125,1.02039E-07,0.1,1.27549E-08,0.25,0.25,0.8,1.0583,9.64178E-08,1.05,0.125,1.02039E-07,0.1,1.27549E-08,0.25,0.25,0.8,1.0583,9.64178E-08,1.05
0.866666667,0.125,0,0.1,2,0.25,0.8,1.058300524,0,2.8,0.125,0.00000031,0.1,3.87E-08,0.25,0.25,0.8,1.0583,0.000000293,1.05,0.125,3.09835E-07,0.1,3.87294E-08,0.25,0.25,0.8,1.0583,2.92766E-07,1.05,0.125,2.96174E-10,0.1,3.70218E-11,0.25,0.25,0.8,1.0583,2.79858E-10,1.05,0.125,2.96174E-10,0.1,3.70218E-11,0.25,0.25,0.8,1.0583,2.79858E-10,1.05
0.870588235,0.125,0,0.1,2,0.25,0.8,1.058300524,0,2.8,0.125,8.43E-09,0.1,1.05E-09,0.25,0.25,0.8,1.0583,7.96E-09,1.05,0.125,8.4293E-09,0.1,1.05366E-09,0.25,0.25,0.8,1.0583,7.96494E-09,1.05,0.125,8.01698E-13,0.1,1.00212E-13,0.25,0.25,0.8,1.0583,7.57534E-13,1.05,0.125,8.01698E-13,0.1,1.00212E-13,0.25,0.25,0.8,1.0583,7.57534E-13,1.05
0.874509804,0.125,0,0.1,2,0.25,0.8,1.058300524,0,2.8,0.125,2.3E-10,0.1,2.87E-11,0.25,0.25,0.8,1.0583,2.17E-10,1.05,0.125,2.29752E-10,0.1,2.8719E-11,0.25,0.25,0.8,1.0583,2.17095E-10,1.05,0.125,2.33888E-15,0.1,2.9236E-16,0.25,0.25,0.8,1.0583,2.21003E-15,1.05,0.125,2.33888E-15,0.1,2.9236E-16,0.25,0.25,0.8,1.0583,2.21003E-15,1.05
0.878431373,0.125,0,0.1,2,0.25,0.8,1.058300524,0,2.8,0.125,6.27E-12,0.1,7.83E-13,0.25,0.25,0.8,1.0583,5.92E-12,1.05,0.125,6.26707E-12,0.1,7.83384E-13,0.25,0.25,0.8,1.0583,5.92183E-12,1.05,0.125,0,0.1,0,0.25,0.25,0.8,1.0583,0,1.05,0.125,0,0.1,0,0.25,0.25,0.8,1.0583,0,1.05
0.882352941,0.125,0,0.1,2,0.25,0.8,1.058300524,0,2.8,0.125,1.71E-13,0.1,2.14E-14,0.25,0.25,0.8,1.0583,1.61E-13,1.05,0.125,1.70818E-13,0.1,2.13522E-14,0.25,0.25,0.8,1.0583,1.61408E-13,1.05,0.125,0,0.1,0,0.25,0.25,0.8,1.0583,0,1.05,0.125,0,0.1,0,0.25,0.25,0.8,1.0583,0,1.05
0.88627451,0.125,0,0.1,2,0.25,0.8,1.058300524,0,2.8,0.125,4.59E-15,0.1,5.74E-16,0.25,0.25,0.8,1.0583,4.34E-15,1.05,0.125,4.59406E-15,0.1,5.74258E-16,0.25,0.25,0.8,1.0583,4.34098E-15,1.05,0.125,0,0.1,0,0.25,0.25,0.8,1.0583,0,1.05,0.125,0,0.1,0,0.25,0.25,0.8,1.0583,0,1.05
0.890196078,0.125,0,0.1,2,0.25,0.8,1.058300524,0,2.8,0.125,8.79E-17,0.1,1.1E-17,0.25,0.25,0.8,1.0583,8.3E-17,1.05,0.125,8.7864E-17,0.1,1.0983E-17,0.25,0.25,0.8,1.0583,8.30237E-17,1.05,0.125,0,0.1,0,0.25,0.25,0.8,1.0583,0,1.05,0.125,0,0.1,0,0.25,0.25,0.8,1.0583,0,1.05
0.894117647,0.125,0,0.1,2,0.25,0.8,1.058300524,0,2.8,0.125,0,0.1,0,0.25,0.25,0.8,1.0583,0,1.05,0.125,0,0.1,0,0.25,0.25,0.8,1.0583,0,1.05,0.125,0,0.1,0,0.25,0.25,0.8,1.0583,0,1.05,0.125,0,0.1,0,0.25,0.25,0.8,1.0583,0,1.05
0.898039216,0.125,0,0.1,2,0.25,0.8,1.058300524,0,2.8,0.125,0,0.1,0,0.25,0.25,0.8,1.0583,0,1.05,0.125,0,0.1,0,0.25,0.25,0.8,1.0583,0,1.05,0.125,0,0.1,0,0.25,0.25,0.8,1.0583,0,1.05,0.125,0,0.1,0,0.25,0.25,0.8,1.0583,0,1.05
0.901960784,0.125,0,0.1,2,0.25,0.8,1.058300524,0,2.8,0.125,0,0.1,0,0.25,0.25,0.8,1.0583,0,1.05,0.125,0,0.1,0,0.25,0.25,0.8,1.0583,0,1.05,0.125,0,0.1,0,0.25,0.25,0.8,1.0583,0,1.05,0.125,0,0.1,0,0.25,0.25,0.8,1.0583,0,1.05
0.905882353,0.125,0,0.1,2,0.25,0.8,1.058300524,0,2.8,0.125,0,0.1,0,0.25,0.25,0.8,1.0583,0,1.05,0.125,0,0.1,0,0.25,0.25,0.8,1.0583,0,1.05,0.125,0,0.1,0,0.25,0.25,0.8,1.0583,0,1.05,0.125,0,0.1,0,0.25,0.25,0.8,1.0583,0,1.05
0.909803922,0.125,0,0.1,2,0.25,0.8,1.058300524,0,2.8,0.125,0,0.1,0,0.25,0.25,0.8,1.0583,0,1.05,0.125,0,0.1,0,0.25,0.25,0.8,1.0583,0,1.05,0.125,0,0.1,0,0.25,0.25,0.8,1.0583,0,1.05,0.125,0,0.1,0,0.25,0.25,0.8,1.0583,0,1.05
0.91372549,0.125,0,0.1,2,0.25,0.8,1.058300524,0,2.8,0.125,0,0.1,0,0.25,0.25,0.8,1.0583,0,1.05,0.125,0,0.1,0,0.25,0.25,0.8,1.0583,0,1.05,0.125,0,0.1,0,0.25,0.25,0.8,1.0583,0,1.05,0.125,0,0.1,0,0.25,0.25,0.8,1.0583,0,1.05
0.917647059,0.125,0,0.1,2,0.25,0.8,1.058300524,0,2.8,0.125,0,0.1,0,0.25,0.25,0.8,1.0583,0,1.05,0.125,0,0.1,0,0.25,0.25,0.8,1.0583,0,1.05,0.125,0,0.1,0,0.25,0.25,0.8,1.0583,0,1.05,0.125,0,0.1,0,0.25,0.25,0.8,1.0583,0,1.05
0.921568627,0.125,0,0.1,2,0.25,0.8,1.058300524,0,2.8,0.125,0,0.1,0,0.25,0.25,0.8,1.0583,0,1.05,0.125,0,0.1,0,0.25,0.25,0.8,1.0583,0,1.05,0.125,0,0.1,0,0.25,0.25,0.8,1.0583,0,1.05,0.125,0,0.1,0,0.25,0.25,0.8,1.0583,0,1.05
0.925490196,0.125,0,0.1,2,0.25,0.8,1.058300524,0,2.8,0.125,0,0.1,0,0.25,0.25,0.8,1.0583,0,1.05,0.125,0,0.1,0,0.25,0.25,0.8,1.0583,0,1.05,0.125,0,0.1,0,0.25,0.25,0.8,1.0583,0,1.05,0.125,0,0.1,0,0.25,0.25,0.8,1.0583,0,1.05
0.929411765,0.125,0,0.1,2,0.25,0.8,1.058300524,0,2.8,0.125,0,0.1,0,0.25,0.25,0.8,1.0583,0,1.05,0.125,0,0.1,0,0.25,0.25,0.8,1.0583,0,1.05,0.125,0,0.1,0,0.25,0.25,0.8,1.0583,0,1.05,0.125,0,0.1,0,0.25,0.25,0.8,1.0583,0,1.05
0.933333333,0.125,0,0.1,2,0.25,0.8,1.058300524,0,2.8,0.125,0,0.1,0,0.25,0.25,0.8,1.0583,0,1.05,0.125,0,0.1,0,0.25,0.25,0.8,1.0583,0,1.05,0.125,0,0.1,0,0.25,0.25,0.8,1.0583,0,1.05,0.125,0,0.1,0,0.25,0.25,0.8,1.0583,0,1.05
0.937254902,0.125,0,0.1,2,0.25,0.8,1.058300524,0,2.8,0.125,0,0.1,0,0.25,0.25,0.8,1.0583,0,1.05,0.125,0,0.1,0,0.25,0.25,0.8,1.0583,0,1.05,0.125,0,0.1,0,0.25,0.25,0.8,1.0583,0,1.05,0.125,0,0.1,0,0.25,0.25,0.8,1.0583,0,1.05
0.941176471,0.125,0,0.1,2,0.25,0.8,1.058300524,0,2.8,0.125,0,0.1,0,0.25,0.25,0.8,1.0583,0,1.05,0.125,0,0.1,0,0.25,0.25,0.8,1.0583,0,1.05,0.125,0,0.1,0,0.25,0.25,0.8,1.0583,0,1.05,0.125,0,0.1,0,0.25,0.25,0.8,1.0583,0,1.05
0.945098039,0.125,0,0.1,2,0.25,0.8,1.058300524,0,2.8,0.125,0,0.1,0,0.25,0.25,0.8,1.0583,0,1.05,0.125,0,0.1,0,0.25,0.25,0.8,1.0583,0,1.05,0.125,0,0.1,0,0.25,0.25,0.8,1.0583,0,1.05,0.125,0,0.1,0,0.25,0.25,0.8,1.0583,0,1.05
0.949019608,0.125,0,0.1,2,0.25,0.8,1.058300524,0,2.8,0.125,0,0.1,0,0.25,0.25,0.8,1.0583,0,1.05,0.125,0,0.1,0,0.25,0.25,0.8,1.0583,0,1.05,0.125,0,0.1,0,0.25,0.25,0.8,1.0583,0,1.05,0.125,0,0.1,0,0.25,0.25,0.8,1.0583,0,1.05
0.952941176,0.125,0,0.1,2,0.25,0.8,1.058300524,0,2.8,0.125,0,0.1,0,0.25,0.25,0.8,1.0583,0,1.05,0.125,0,0.1,0,0.25,0.25,0.8,1.0583,0,1.05,0.125,0,0.1,0,0.25,0.25,0.8,1.0583,0,1.05,0.125,0,0.1,0,0.25,0.25,0.8,1.0583,0,1.05
0.956862745,0.125,0,0.1,2,0.25,0.8,1.058300524,0,2.8,0.125,0,0.1,0,0.25,0.25,0.8,1.0583,0,1.05,0.125,0,0.1,0,0.25,0.25,0.8,1.0583,0,1.05,0.125,0,0.1,0,0.25,0.25,0.8,1.0583,0,1.05,0.125,0,0.1,0,0.25,0.25,0.8,1.0583,0,1.05
0.960784314,0.125,0,0.1,2,0.25,0.8,1.058300524,0,2.8,0.125,0,0.1,0,0.25,0.25,0.8,1.0583,0,1.05,0.125,0,0.1,0,0.25,0.25,0.8,1.0583,0,1.05,0.125,0,0.1,0,0.25,0.25,0.8,1.0583,0,1.05,0.125,0,0.1,0,0.25,0.25,0.8,1.0583,0,1.05
0.964705882,0.125,0,0.1,2,0.25,0.8,1.058300524,0,2.8,0.125,0,0.1,0,0.25,0.25,0.8,1.0583,0,1.05,0.125,0,0.1,0,0.25,0.25,0.8,1.0583,0,1.05,0.125,0,0.1,0,0.25,0.25,0.8,1.0583,0,1.05,0.125,0,0.1,0,0.25,0.25,0.8,1.0583,0,1.05
0.968627451,0.125,0,0.1,2,0.25,0.8,1.058300524,0,2.8,0.125,0,0.1,0,0.25,0.25,0.8,1.0583,0,1.05,0.125,0,0.1,0,0.25,0.25,0.8,1.0583,0,1.05,0.125,0,0.1,0,0.25,0.25,0.8,1.0583,0,1.05,0.125,0,0.1,0,0.25,0.25,0.8,1.0583,0,1.05
0.97254902,0.125,0,0.1,2,0.25,0.8,1.058300524,0,2.8,0.125,0,0.1,0,0.25,0.25,0.8,1.0583,0,1.05,0.125,0,0.1,0,0.25,0.25,0.8,1.0583,0,1.05,0.125,0,0.1,0,0.25,0.25,0.8,1.0583,0,1.05,0.125,0,0.1,0,0.25,0.25,0.8,1.0583,0,1.05
0.976470588,0.125,0,0.1,2,0.25,0.8,1.058300524,0,2.8,0.125,0,0.1,0,0.25,0.25,0.8,1.0583,0,1.05,0.125,0,0.1,0,0.25,0.25,0.8,1.0583,0,1.05,0.125,0,0.1,0,0.25,0.25,0.8,1.0583,0,1.05,0.125,0,0.1,0,0.25,0.25,0.8,1.0583,0,1.05
0.980392157,0.125,0,0.1,2,0.25,0.8,1.058300524,0,2.8,0.125,0,0.1,0,0.25,0.25,0.8,1.0583,0,1.05,0.125,0,0.1,0,0.25,0.25,0.8,1.0583,0,1.05,0.125,0,0.1,0,0.25,0.25,0.8,1.0583,0,1.05,0.125,0,0.1,0,0.25,0.25,0.8,1.0583,0,1.05
0.984313725,0.125,0,0.1,2,0.25,0.8,1.058300524,0,2.8,0.125,0,0.1,0,0.25,0.25,0.8,1.0583,0,1.05,0.125,0,0.1,0,0.25,0.25,0.8,1.0583,0,1.05,0.125,0,0.1,0,0.25,0.25,0.8,1.0583,0,1.05,0.125,0,0.1,0,0.25,0.25,0.8,1.0583,0,1.05
0.988235294,0.125,0,0.1,2,0.25,0.8,1.058300524,0,2.8,0.125,0,0.1,0,0.25,0.25,0.8,1.0583,0,1.05,0.125,0,0.1,0,0.25,0.25,0.8,1.0583,0,1.05,0.125,0,0.1,0,0.25,0.25,0.8,1.0583,0,1.05,0.125,0,0.1,0,0.25,0.25,0.8,1.0583,0,1.05
0.992156863,0.125,0,0.1,2,0.25,0.8,1.058300524,0,2.8,0.125,0,0.1,0,0.25,0.25,0.8,1.0583,0,1.05,0.125,0,0.1,0,0.25,0.25,0.8,1.0583,0,1.05,0.125,0,0.1,0,0.25,0.25,0.8,1.0583,0,1.05,0.125,0,0.1,0,0.25,0.25,0.8,1.0583,0,1.05
0.996078431,0.125,0,0.1,2,0.25,0.8,1.058300524,0,2.8,0.125,0,0.1,0,0.25,0.25,0.8,1.0583,0,1.05,0.125,0,0.1,0,0.25,0.25,0.8,1.0583,0,1.05,0.125,0,0.1,0,0.25,0.25,0.8,1.0583,0,1.05,0.125,0,0.1,0,0.25,0.25,0.8,1.0583,0,1.05
1,0.125,0,0.1,2,0.25,0.8,1.058300524,0,2.8,0.125,0,0.1,0,0.25,0.25,0.8,1.0583,0,1.05,0.125,0,0.1,0,0.25,0.25,0.8,1.0583,0,1.05,0.125,0,0.1,0,0.25,0.25,0.8,1.0583,0,1.05,0.125,0,0.1,0,0.25,0.25,0.8,1.0583,0,1.05
